1. 0. 0. 0. 0. 1. 0. 0. 0. 0. 1. 0.
0.99934058 -0.004678341 0.036007192 0.258116013 0.004626409 0.999988135 0.001525439 -0.482286959 -0.036013901 -0.001357849 0.999350367 0.837123296
0.997317079 -0.013491226 0.071948808 0.529972704 0.013579058 0.999907533 -0.000731732 -0.956021446 -0.071932284 0.001706766 0.997408058 1.673802198
0.993730541 -0.019614286 0.110067667 0.789263789 0.019757209 0.999804786 -0.000207917 -1.460618363 -0.110042102 0.002381243 0.993924074 2.492329693
0.989313726 -0.026116565 0.143444333 1.177483588 0.026073903 0.999657646 0.002177524 -1.936884156 -0.143452094 0.0015859 0.989655992 3.289285238
0.983732082 -0.03653729 0.175886946 1.592233895 0.036045139 0.999332192 0.005993224 -2.402808216 -0.175988463 0.000444143 0.984392129 4.078116735
0.975801646 -0.040367227 0.214899125 2.027453975 0.039408608 0.999184909 0.008745217 -2.857004233 -0.215076982 -0.000064722 0.976597096 4.858817292
0.967913658 -0.050902005 0.246073436 2.499548258 0.049848317 0.998701465 0.010513284 -3.312041597 -0.246289049 0.002090395 0.969194168 5.621094329
0.958835795 -0.059845779 0.277583142 2.983907617 0.058341511 0.998202901 0.013683474 -3.776047752 -0.277903196 0.003074415 0.960604165 6.365434004
0.947795251 -0.066510772 0.311866123 3.496878388 0.06430756 0.997779192 0.017355727 -4.224558205 -0.312327871 0.003605674 0.949967526 7.097448629
0.934963785 -0.072426058 0.347271057 4.041245778 0.068738167 0.997370852 0.022944446 -4.664298527 -0.348019805 0.00241855 0.937484062 7.811063499
0.922844149 -0.08321871 0.376076219 4.646193747 0.078201956 0.996526784 0.028615093 -5.083367704 -0.377151336 0.003002625 0.926146778 8.509187987
0.908381242 -0.09158167 0.407990584 5.26451849 0.084948798 0.995791696 0.034388961 -5.498119272 -0.409423034 0.003420022 0.91233825 9.186440529
0.892184845 -0.098200989 0.440865929 5.898630033 0.090076183 0.99515607 0.03937865 -5.924905336 -0.442597428 0.004578485 0.896708734 9.833333105
0.877721048 -0.111010151 0.466135718 6.570738873 0.102047545 0.993782965 0.044516476 -6.316255366 -0.468179517 0.008494958 0.883592539 10.481701283
0.861687904 -0.121975429 0.492560606 7.239296881 0.112003511 0.992457741 0.049828157 -6.718634873 -0.494923398 0.012232197 0.868850507 11.105974207
0.844669177 -0.132941495 0.518517638 7.960870335 0.121197165 0.99101051 0.056651707 -7.09101328 -0.521387792 0.014990917 0.853188164 11.711590074
0.826209476 -0.139606281 0.545791157 8.699045502 0.12612353 0.990055114 0.062319547 -7.48217236 -0.549063527 0.017348107 0.835600554 12.282943198
0.807376269 -0.148145972 0.571136 9.458177555 0.133282068 0.988738769 0.068055397 -7.867119557 -0.574786438 0.021175875 0.81802942 12.83141462
0.788963013 -0.158792033 0.593567565 10.238923838 0.142542858 0.986975546 0.074570803 -8.227659155 -0.597677921 0.025775212 0.801321871 13.372281317
0.768465679 -0.164970392 0.618259873 11.044325804 0.146778939 0.985878203 0.080623276 -8.606230838 -0.622829386 0.028791307 0.781827741 13.869189968
0.745544351 -0.171670463 0.643966515 11.861906942 0.151783208 0.984599366 0.086752206 -8.987689361 -0.648941814 0.033065687 0.760119189 14.319279772
0.729048019 -0.18323356 0.659480438 12.692240888 0.163483869 0.982230188 0.092178539 -9.330268807 -0.664651797 0.040611832 0.746048704 14.819861071
0.708224354 -0.191261267 0.679586192 13.522424796 0.1698947 0.9804877 0.098892173 -9.670596924 -0.685240145 0.045420247 0.726899543 15.276005244
0.687099953 -0.201142718 0.698165641 14.363620567 0.176620691 0.978331733 0.108037736 -9.969580449 -0.704768605 0.049077775 0.707737653 15.729769252
0.664988772 -0.208258387 0.717229655 15.197426907 0.181865587 0.97658194 0.114946176 -10.298996044 -0.724372032 0.054001476 0.687291059 16.147052831
0.640599414 -0.210113447 0.738569381 15.996262754 0.183600345 0.975848059 0.118370093 -10.714778344 -0.745602645 0.059773781 0.663704596 16.494213087
0.620706013 -0.215483096 0.753850835 16.771592622 0.186449649 0.974476484 0.125028437 -11.039725782 -0.761551426 0.062949321 0.645040161 16.944821046
0.598822093 -0.220033522 0.770063212 17.567132498 0.188340626 0.973242687 0.131630089 -11.366912868 -0.778421422 0.066211182 0.624240474 17.348606973
0.574692616 -0.220563053 0.788086503 18.353721855 0.187821373 0.972838859 0.135305899 -11.751921382 -0.796524656 0.070260189 0.600509765 17.687418952
0.553952713 -0.222661409 0.802220848 19.119217368 0.189461402 0.9720056 0.138958591 -12.143864943 -0.810703872 0.075013398 0.580630882 18.063978602
0.533678364 -0.224917898 0.815229626 19.885359624 0.190573874 0.971174249 0.143185814 -12.514412887 -0.823935072 0.078946297 0.561158159 18.449378342
0.514833025 -0.231387174 0.825473762 20.65081856 0.194603056 0.969293727 0.15033071 -12.814398502 -0.834911137 0.083244503 0.544053073 18.86914185
0.493654168 -0.235238928 0.837238442 21.429280066 0.196917646 0.967952236 0.155858622 -13.141430442 -0.847070837 0.087926764 0.524156351 19.227107363
0.47411109 -0.240010746 0.847120721 22.206786848 0.198715025 0.966473016 0.162610723 -13.432827221 -0.857747639 0.091240068 0.505909317 19.621746918
0.451740179 -0.242550249 0.85854539 22.989237982 0.19975703 0.965399734 0.167631987 -13.771917871 -0.869498672 0.095774373 0.484560966 19.92971081
0.433588834 -0.24787678 0.866347404 23.744656152 0.202680475 0.963613497 0.174268912 -14.064079291 -0.878021268 0.100030649 0.468051836 20.328602918
0.416483407 -0.25364469 0.873044067 24.471143535 0.206399066 0.961598132 0.180910083 -14.363634723 -0.885404426 0.104849432 0.452841693 20.738413306
0.39695185 -0.258880575 0.88057372 25.14681917 0.210792844 0.95946756 0.187051806 -14.678517625 -0.893305998 0.111368078 0.435432595 21.085458992
0.383358531 -0.265566691 0.884596275 25.809949123 0.214475422 0.957185706 0.194411465 -14.950604633 -0.898352119 0.115194866 0.423902834 21.583060173
0.372828051 -0.273608563 0.886644009 26.411776468 0.218580056 0.954544681 0.202650467 -15.194541736 -0.901788225 0.118248918 0.415686408 22.168758444
0.362678282 -0.27992768 0.888878483 26.952515958 0.222246627 0.952279455 0.209213472 -15.496100929 -0.905025359 0.121673062 0.407584059 22.75199886
0.349695172 -0.28327917 0.893009629 27.544552549 0.223981066 0.950828314 0.213911196 -15.829586521 -0.909695426 0.125213536 0.395949241 23.251529336
0.33762292 -0.283651088 0.897525946 28.093063111 0.223341869 0.950425722 0.216354699 -16.222510117 -0.914400992 0.127408817 0.384236672 23.768328466
0.327630444 -0.284340316 0.901004371 28.617137828 0.223350582 0.949918897 0.218560304 -16.631031397 -0.918026584 0.129632841 0.374729925 24.326175993
0.319213631 -0.285586135 0.903627809 29.113576155 0.225575813 0.949004515 0.220240739 -17.080140065 -0.920444572 0.133532732 0.367356502 24.894294137
0.311983183 -0.287574879 0.905520393 29.594751973 0.228551794 0.947819942 0.222264336 -17.525372387 -0.922187926 0.137615576 0.361429637 25.489039872
0.305329347 -0.290936247 0.906713897 30.06635734 0.231837061 0.946244353 0.225550886 -17.927048351 -0.923593832 0.14134258 0.356365974 26.114939584
0.300382397 -0.291809833 0.908084488 30.495065013 0.232912704 0.94567099 0.22684367 -18.368677689 -0.92494437 0.143364568 0.352029136 26.792121789
0.296451579 -0.293660549 0.90877937 30.884941286 0.234916868 0.944740041 0.228648899 -18.79774013 -0.925705421 0.145704276 0.349055494 27.504365493
0.294072611 -0.297390715 0.908339178 31.265453614 0.238293182 0.943163202 0.231645277 -19.203602024 -0.925601242 0.148330502 0.348224645 28.256763089
0.290883436 -0.296950523 0.909509326 31.624046815 0.239375048 0.942969752 0.231317171 -19.709069862 -0.926329538 0.150427505 0.345376827 28.967719542
0.288658803 -0.300089714 0.909187692 31.998117029 0.241724253 0.94168975 0.234072212 -20.115331853 -0.926415393 0.152205711 0.344365997 29.731555236
0.287621791 -0.302442582 0.90873659 32.331408274 0.242523336 0.940905373 0.236388472 -20.508910058 -0.92652908 0.152399354 0.343974273 30.554551451
0.286077734 -0.305532977 0.90819003 32.673668834 0.242870644 0.939972075 0.239721397 -20.859579145 -0.926916059 0.151993743 0.343110072 31.383566746
0.284953613 -0.307821542 0.907770531 33.001225766 0.243477228 0.939216535 0.242056069 -21.249120671 -0.927103165 0.152046701 0.34258068 32.208969017
0.284170022 -0.312090653 0.906557678 33.339588432 0.246114927 0.937599811 0.245629879 -21.627215076 -0.926647096 0.153316728 0.343247927 33.029191952
0.283074078 -0.313943477 0.906260757 33.646944287 0.247125873 0.936878935 0.247359383 -22.050123921 -0.926713477 0.153939451 0.342789697 33.843228423
0.283529557 -0.315922255 0.90543035 33.933519356 0.248955503 0.936052978 0.248648308 -22.500505277 -0.926084309 0.154912723 0.34404927 34.685119821
0.284415453 -0.317827802 0.904485123 34.185493836 0.250208325 0.935359026 0.249998573 -22.946091001 -0.925474821 0.15520625 0.345553723 35.554077658
0.284225497 -0.317834034 0.904542644 34.441281038 0.251185338 0.93518406 0.249673187 -23.462114822 -0.925268498 0.156244364 0.345638403 36.364793648
0.28531545 -0.320304841 0.903327129 34.67078209 0.252624183 0.934306964 0.251498548 -23.889594687 -0.92454103 0.156445856 0.347488961 37.252663728
0.288788803 -0.323884507 0.900943868 34.856052294 0.254243274 0.933194941 0.253983385 -24.291197733 -0.923017543 0.155711361 0.351841707 38.224171896
0.290683283 -0.326098125 0.899535014 35.063796184 0.255931906 0.932374031 0.255298897 -24.748850915 -0.921955578 0.156008589 0.354484459 39.123526277
0.292181076 -0.330076257 0.897596726 35.274583818 0.258643821 0.930849878 0.258112142 -25.163855652 -0.920724493 0.156742364 0.357348904 40.023248927
0.295297791 -0.332969426 0.895505765 35.473997737 0.260814566 0.929797768 0.259714983 -25.613269753 -0.919116411 0.156867687 0.361410504 40.955625937
0.295139988 -0.332837952 0.895606658 35.737373827 0.26098698 0.929798617 0.259538684 -26.101168542 -0.919118156 0.157141433 0.361287124 41.784127575
0.296051412 -0.336808888 0.89381952 35.993822068 0.262063824 0.928500578 0.263076468 -26.437591616 -0.918518434 0.156353601 0.363149333 42.704710263
0.296274781 -0.339941725 0.892558613 36.27581904 0.262445726 0.927518885 0.266140863 -26.7736374 -0.918337354 0.155397367 0.364016707 43.60582943
0.295855037 -0.34159233 0.892067529 36.561933694 0.263856443 0.926764717 0.26737041 -27.236589418 -0.918068393 0.156274882 0.364319347 44.422406213
0.299699925 -0.348451117 0.888122612 36.739173533 0.268777954 0.924044753 0.271845002 -27.630766828 -0.915389735 0.157235852 0.370592121 45.387049122
0.299503988 -0.35023999 0.887484823 36.979415453 0.269766773 0.923315111 0.273340619 -28.070287429 -0.915162964 0.157547311 0.371019669 46.23569088
0.30009253 -0.352528712 0.88637914 37.245111456 0.271035909 0.922420186 0.275100955 -28.498653448 -0.914594997 0.157684834 0.372359348 47.10182703
0.299436867 -0.35557202 0.885384719 37.496620332 0.272264489 0.921223088 0.277884995 -28.883491259 -0.914444974 0.157849805 0.37265779 47.956273061
0.301595342 -0.361899338 0.882082263 37.718857653 0.275783474 0.918726438 0.282639714 -29.231048693 -0.912679421 0.15802089 0.376889471 48.897078671
0.298915824 -0.363290446 0.882422451 38.048043626 0.277473593 0.917835563 0.283877233 -29.6873154 -0.913048594 0.159993531 0.37515908 49.641218374
0.299188551 -0.365267197 0.88151352 38.315734592 0.279187366 0.916912164 0.285178011 -30.154701406 -0.912436642 0.160785441 0.376307608 50.477786062
0.298598921 -0.364633688 0.8819756 38.607087195 0.279195925 0.91708173 0.28462385 -30.668359307 -0.912627153 0.161255619 0.375643855 51.274800945
0.298324794 -0.364384344 0.882171393 38.903574527 0.279182917 0.917148826 0.284420339 -31.160734271 -0.912720777 0.161437544 0.375338118 52.088132122
0.297367463 -0.366051018 0.881804539 39.220472731 0.280550344 0.91631258 0.285766968 -31.616676161 -0.912613881 0.162412769 0.375177286 52.885849274
0.29608529 -0.366415379 0.882084617 39.5487588 0.280379103 0.916150829 0.286452819 -32.0532702 -0.913083271 0.162503628 0.373993999 53.692155393
0.294966824 -0.366187692 0.882553764 39.879350688 0.279854114 0.916253547 0.286637599 -32.504955819 -0.913606177 0.16243772 0.372743531 54.497129254
0.292845364 -0.362706125 0.884695348 40.200253985 0.277506615 0.917673558 0.28436828 -33.03136608 -0.915003645 0.162232879 0.369389797 55.256497911
0.292095923 -0.363920069 0.884444546 40.522730024 0.278747397 0.917019097 0.28526455 -33.507193253 -0.914866034 0.163212003 0.369299312 56.0491028
0.28810281 -0.361720658 0.886653786 40.979746228 0.277893223 0.917649251 0.284069021 -34.031308727 -0.916390816 0.164553995 0.364897047 56.708327253
0.284967868 -0.362282177 0.887437287 41.450090336 0.278740461 0.917134985 0.284898536 -34.495250992 -0.917113444 0.16617775 0.362336702 57.402014211
0.279149005 -0.36233793 0.889262086 42.032672134 0.278090447 0.916895315 0.286301736 -34.880627863 -0.919098219 0.167374446 0.356713132 58.035314854
0.274578664 -0.362116126 0.890774084 42.576176825 0.277322748 0.916838229 0.287227708 -35.280073644 -0.920705518 0.168165317 0.352167255 58.708808618
0.268815351 -0.358944865 0.893810321 43.142989311 0.276032177 0.917753492 0.285542929 -35.815055667 -0.922791712 0.169962086 0.34578656 59.280857234
0.264210841 -0.358888068 0.895204997 43.693399463 0.276800086 0.917356757 0.286073929 -36.305666382 -0.923890872 0.172208987 0.341715848 59.891598355
0.259481726 -0.356105846 0.897695862 44.21050983 0.276462688 0.918023051 0.284257031 -36.885356702 -0.925331084 0.174419906 0.336660186 60.474989539
0.254594713 -0.353182524 0.900246431 44.738322119 0.275030328 0.918924376 0.2827301 -37.40132158 -0.927113721 0.175613483 0.331089193 61.089175623
0.250196172 -0.352825179 0.901618694 45.281804103 0.274667161 0.918843192 0.283346323 -37.834388905 -0.928417916 0.176752882 0.32680054 61.740817797
0.244102532 -0.349743181 0.904485302 45.892260033 0.272681577 0.919822911 0.282082558 -38.309028489 -0.930622755 0.177779412 0.319899623 62.317162898
0.238308272 -0.347695162 0.906817094 46.50522078 0.271288382 0.920381772 0.28160257 -38.759422159 -0.932529775 0.17890072 0.313660248 62.905549526
0.229929642 -0.339936333 0.911907698 47.17568493 0.267426822 0.923011281 0.276646109 -39.374557885 -0.935743156 0.180259437 0.303135747 63.344505108
0.224713474 -0.337774581 0.914008855 47.756107471 0.267135737 0.923416065 0.275574436 -39.91319439 -0.937092499 0.18223914 0.297735694 63.903183442
0.221154915 -0.336275835 0.915428351 48.273782086 0.26691733 0.923700721 0.274831069 -40.426604266 -0.938000875 0.18356345 0.294038803 64.540607606
0.216782981 -0.338894485 0.91550842 48.916239616 0.267730975 0.92249108 0.27808332 -40.73733095 -0.938789255 0.184826231 0.290712917 65.198579142
0.212173658 -0.34254577 0.915229334 49.569541009 0.269371542 0.920770194 0.282172325 -41.038561692 -0.939372829 0.186667203 0.287635262 65.838006722
0.20531545 -0.345266152 0.915771178 50.262820993 0.271058081 0.919163097 0.285773892 -41.38716986 -0.940411124 0.189553383 0.282305565 66.3557538951. 0. 0. 0. 0. 1. 0. 0. 0. 0. 1. 0.
0.999003125 0.00182789 0.044602851 0.028239268 -0.001690678 0.999993723 -0.003113821 -0.006848895 -0.044608263 0.003035308 0.998999945 0.999577729
0.995859025 0.000442246 0.090909879 0.091475317 0.000261847 0.999970067 -0.007732886 -0.043524228 -0.090910578 0.007724669 0.9958291 1.996492037
0.990540132 0.002673376 0.137197304 0.216051596 -0.001071828 0.99993044 -0.01174587 -0.071075416 -0.137219162 0.011487704 0.990474096 2.989183663
0.983151369 0.00601137 0.182694413 0.405322902 -0.003431857 0.999889962 -0.014432151 -0.10491764 -0.182761067 0.013562008 0.983063815 3.974182547
0.973435739 0.004429484 0.228917541 0.61153332 -0.001105537 0.999892123 -0.014646481 -0.116924631 -0.228957723 0.014004331 0.973335625 4.950315169
0.961529267 0.006354929 0.274628994 0.876137432 -0.001975423 0.999866486 -0.016220624 -0.15031845 -0.274695407 0.015054096 0.961413442 5.914902783
0.948062234 0.002491301 0.318075138 1.187148336 0.003465807 0.999829062 -0.018161354 -0.178121867 -0.318066012 0.018320481 0.94789154 6.867476494
0.932819729 0.001028424 0.360341914 1.528829112 0.006428288 0.999789301 -0.019494377 -0.217868615 -0.360286038 0.020501122 0.932616574 7.80588477
0.915666991 -0.000203185 0.401937706 1.927582361 0.008841201 0.999768103 -0.019636024 -0.24772406 -0.401840509 0.021533671 0.915456447 8.727515462
0.895971175 -0.000015589 0.444112208 2.374599023 0.009482517 0.999772699 -0.019095348 -0.259515723 -0.444010963 0.021320183 0.895767668 9.62739017
0.873231228 0.003650199 0.487292416 2.857989506 0.00748406 0.99975355 -0.020900417 -0.279087399 -0.487248613 0.021897822 0.872988702 10.499563826
0.849025149 0.00430001 0.528334938 3.399533158 0.007460489 0.99976962 -0.020125796 -0.303212517 -0.528299762 0.021028944 0.84879747 11.35016224
0.822182466 0.008929249 0.569153988 3.945153094 0.005308447 0.999713198 -0.023352555 -0.346086881 -0.569199274 0.022221385 0.821899262 12.169689459
0.795104226 0.004963477 0.606452499 4.555293033 0.009960728 0.999724755 -0.021241446 -0.356044467 -0.606391007 0.022929872 0.794835937 12.973453935
0.767419148 0.002117173 0.641142238 5.1799849 0.015367108 0.999646532 -0.021694777 -0.35530274 -0.640961546 0.026501489 0.767115355 13.755710469
0.737648879 -0.001188432 0.675183471 5.866029668 0.0191857 0.999631544 -0.019201175 -0.33383621 -0.674911876 0.027117592 0.737399888 14.505385581
0.709285995 -0.005268378 0.704901143 6.58230658 0.025883811 0.999492376 -0.018574692 -0.335253716 -0.704445459 0.031420297 0.70906231 15.243351868
0.675918613 -0.004031956 0.736965245 7.31429515 0.028068279 0.999400358 -0.020275493 -0.369702567 -0.73644158 0.034389929 0.675626474 15.920838362
0.644289149 -0.009953248 0.764717219 8.140983465 0.03552099 0.999225659 -0.016921611 -0.367602514 -0.763956643 0.038065923 0.644143799 16.586047482
0.613226249 -0.011391761 0.789825168 9.163043049 0.038189815 0.999154284 -0.015239917 -0.500988397 -0.78898359 0.039508794 0.613142683 17.167594065
0.579346684 -0.016453201 0.814915156 10.044625095 0.04514137 0.99890944 -0.011924241 -0.538076237 -0.81383025 0.043694656 0.579457592 17.751821151
0.542227272 -0.01822361 0.840034217 10.904274399 0.051111101 0.998628735 -0.011327173 -0.592901562 -0.838675885 0.049076976 0.542415164 18.279815822
0.505900375 -0.021260274 0.862329874 11.710393823 0.056154344 0.998387357 -0.008329197 -0.578914367 -0.860762162 0.052637312 0.506278395 18.798595207
0.469879217 -0.029092862 0.88225117 12.553858678 0.061570625 0.998102722 0.000121176 -0.47639968 -0.880580819 0.054263818 0.470778992 19.302770242
0.434701214 -0.032359289 0.899993184 13.385772813 0.064844175 0.997884988 0.004558931 -0.440517315 -0.898237211 0.056377543 0.435880127 19.792396943
0.398585669 -0.026878407 0.916737157 14.162426988 0.06646891 0.997788433 0.000354964 -0.563257303 -0.914719273 0.060793036 0.399490749 20.238668365
0.362816521 -0.02512387 0.931521853 14.076699042 0.068767549 0.997632702 0.0001228 -0.580926658 -0.929319749 0.064013921 0.363685334 19.162516379
0.330289794 -0.028313463 0.943454821 14.799585552 0.070154494 0.997521652 0.005375964 -0.502312597 -0.941268824 0.06441197 0.331457537 19.665202356
0.29679814 -0.02306134 0.954661741 15.517838112 0.069234053 0.997597123 0.002574094 -0.562299164 -0.952427168 0.065331115 0.2976816 20.125691327
0.264087033 -0.015356884 0.964376589 16.216299432 0.069650319 0.997566374 -0.003187795 -0.707379115 -0.961980703 0.068010993 0.264513956 20.575927186
0.234088903 -0.013154715 0.972126195 16.893808719 0.070826655 0.997482296 -0.003557294 -0.74580081 -0.969631874 0.069685169 0.234431241 21.060327489
0.202675314 -0.009776964 0.979197186 17.56853758 0.071202545 0.997450432 -0.004778365 -0.783933426 -0.976653938 0.070689788 0.202854724 21.502244905
0.1720151 -0.009384459 0.985049612 18.26081527 0.071749907 0.997418061 -0.003027095 -0.764918218 -0.982477865 0.071197924 0.172244302 21.943724463
0.138592988 -0.001928574 0.990347547 18.905137882 0.071462647 0.997410724 -0.008058425 -0.852331697 -0.987767723 0.071889698 0.138371953 22.29999854
0.108066931 -0.000408595 0.994143537 19.548849642 0.07133485 0.997425385 -0.007344408 -0.862568431 -0.991580999 0.071710767 0.107817847 22.706567344
0.080093427 -0.001208435 0.996786628 20.170080087 0.072103133 0.997386646 -0.004584442 -0.840724378 -0.994176132 0.072238623 0.079971246 23.150249292
0.054062392 -0.002342505 0.998534812 20.777044826 0.073376862 0.997302947 -0.001633134 -0.810022085 -0.995837885 0.073357642 0.054088468 23.618337761
0.027063291 -0.002822167 0.999629738 21.349843017 0.074878028 0.997192389 0.000788089 -0.790652305 -0.996825391 0.074828975 0.027198626 24.047905709
0.005654586 -0.007666612 0.999954623 21.877557508 0.075112532 0.997148923 0.007220351 -0.663628131 -0.997159031 0.075068295 0.006214323 24.594094235
-0.0143101 -0.010356167 0.999843973 22.28941355 0.075354354 0.997091581 0.011406155 -0.554184767 -0.997054132 0.07550582 -0.013488098 25.155233828
-0.031212279 -0.014214814 0.999411693 22.714034586 0.075729633 0.996991108 0.016545472 -0.456906208 -0.996639763 0.076201503 -0.030041881 25.782220455
-0.047184323 -0.015012786 0.998773376 23.07743087 0.074883699 0.997020205 0.01852411 -0.416367622 -0.996075334 0.075665893 -0.045919511 26.41736217
-0.06134931 -0.014420129 0.998012185 23.437421488 0.073778524 0.997094742 0.01894215 -0.392608953 -0.995385851 0.074793954 -0.060107179 27.087469504
-0.075040363 -0.014817972 0.997070394 23.734060178 0.074858831 0.996984417 0.020450633 -0.375515401 -0.994366683 0.076174147 -0.073704817 27.761784586
-0.087584541 -0.013665536 0.996063352 24.06297134 0.078264356 0.996720686 0.020556393 -0.469891086 -0.993077861 0.079756679 -0.0862278 28.458013678
-0.099626279 -0.013733408 0.994930147 24.376016516 0.08175694 0.996410768 0.02194049 -0.553903835 -0.991660429 0.083528294 -0.098145896 29.163739756
-0.109933688 -0.015078394 0.993824545 24.661178228 0.084287037 0.996141819 0.024437114 -0.576006168 -0.990358662 0.086452988 -0.10823863 29.911550313
-0.117790987 -0.015389891 0.992919148 24.893740883 0.085536631 0.996006471 0.025585039 -0.594009087 -0.989347648 0.087944646 -0.116004186 30.716179733
-0.123976506 -0.017381099 0.992132916 25.029965984 0.086092616 0.995887815 0.028204977 -0.571301396 -0.988543316 0.088912072 -0.121970308 31.563534836
-0.130847768 -0.019479971 0.991211074 25.19321005 0.087464198 0.995681649 0.031113801 -0.561368715 -0.987536772 0.090766653 -0.128578921 32.392492573
-0.136096468 -0.018859436 0.990516064 25.35993227 0.089840423 0.99546429 0.031297685 -0.639824994 -0.986613627 0.093247887 -0.133784835 33.256319945
-0.140467234 -0.019376814 0.989895699 25.504741801 0.091004863 0.995323347 0.032396743 -0.653829816 -0.985894047 0.094636003 -0.138046934 34.144910943
-0.142759758 -0.022385506 0.989504189 25.569789412 0.090305524 0.995279595 0.035544905 -0.551490166 -0.985629019 0.094432077 -0.14006434 35.093128759
-0.145327854 -0.025370926 0.989058204 25.663359381 0.087789159 0.995397396 0.038432889 -0.40282827 -0.985481039 0.092413957 -0.142431675 36.034741419
-0.147604365 -0.026821556 0.988682738 25.741972246 0.086671553 0.995435832 0.039944298 -0.324377668 -0.985241591 0.091586621 -0.144606007 36.979447788
-0.149906437 -0.032890871 0.988152949 25.823134582 0.086286933 0.99519782 0.046215406 -0.181135613 -0.984927726 0.092192674 -0.146348507 37.933148123
-0.150950924 -0.034207225 0.987949232 25.866209331 0.085891154 0.99516772 0.047580658 -0.139852517 -0.984802786 0.092038444 -0.147283389 38.908927119
-0.151517023 -0.038424686 0.987707515 25.878055007 0.086212508 0.994922417 0.0519306 -0.077216042 -0.984687765 0.093021112 -0.147434994 39.903527679
-0.152035489 -0.039016328 0.987604646 25.882286568 0.08637334 0.994873296 0.052600112 -0.070629132 -0.984593752 0.093299796 -0.147886077 40.891219687
-0.153101892 -0.040091149 0.987396835 25.887548259 0.087843562 0.994669162 0.054007105 -0.101196099 -0.984298389 0.095005045 -0.148763981 41.865062643
-0.152008105 -0.042720652 0.987455559 25.832989875 0.087113669 0.994598285 0.056439878 -0.024548363 -0.984532754 0.094600196 -0.147465448 42.899594089
-0.150917636 -0.04414737 0.987560062 25.761762921 0.085806761 0.994646713 0.057577045 0.046068167 -0.984815245 0.093428722 -0.146321588 43.930900116
-0.149850246 -0.049136048 0.987486989 25.699716844 0.085828792 0.994347493 0.062501858 0.132080479 -0.984976305 0.094120734 -0.144785929 44.969753405
-0.149797663 -0.054330503 0.9872228 25.598392715 0.085878585 0.994000462 0.067734413 0.205575356 -0.984979964 0.094927754 -0.14423312 45.979605279
-0.149017054 -0.058508773 0.987102143 25.542963565 0.085792389 0.993718712 0.071852535 0.281595971 -0.985105874 0.095393104 -0.143061428 47.00911361
-0.148120481 -0.063044088 0.986957834 25.428075962 0.085501732 0.993413077 0.076288344 0.385600898 -0.985266348 0.09568647 -0.141754444 48.040888783
-0.14907386 -0.064222564 0.986738287 25.458229262 0.083760023 0.993482026 0.077315732 0.497988603 -0.985272167 0.094174976 -0.142722917 49.018278346
-0.149022435 -0.065249146 0.986678703 25.446938495 0.081460565 0.993618836 0.078011446 0.626580392 -0.985472724 0.092000861 -0.142756266 50.020537548
-0.148382515 -0.070013911 0.986448519 25.379492393 0.081805606 0.993203019 0.082798592 0.688268067 -0.9855407 0.092982882 -0.141646431 51.047549567
-0.147704971 -0.076721642 0.986051231 25.291326318 0.082496725 0.992556675 0.08958536 0.764206242 -0.985584868 0.094578201 -0.140276271 52.080022152
-0.147277616 -0.077983565 0.98601616 25.256287608 0.082230539 0.992470535 0.090776513 0.797635258 -0.985671062 0.094449989 -0.139756064 53.093470293
-0.147624084 -0.080045368 0.985799102 25.248568174 0.081787676 0.992317878 0.092822443 0.852425427 -0.985656079 0.094329046 -0.139943293 54.088747782
-0.148631299 -0.081835222 0.985500753 25.21431678 0.080693116 0.992242949 0.094565067 0.944150976 -0.985594926 0.093578455 -0.140874819 55.062949541
-0.147827886 -0.087078283 0.985172213 25.157205626 0.079885425 0.991810358 0.099652056 1.067614702 -0.985781535 0.093432253 -0.139660943 56.093857367
-0.148861606 -0.087920133 0.984941761 25.204727989 0.079848505 0.991718325 0.100593139 1.083406013 -0.985628956 0.093620584 -0.140608491 57.069457792
-0.150088016 -0.088772988 0.984679107 25.247976027 0.080598354 0.991547097 0.101677231 1.043761909 -0.985381902 0.094624049 -0.14166438 58.040694052
-0.151091524 -0.088249567 0.984572681 25.312949871 0.081455224 0.991508403 0.101371268 0.981956696 -0.985158057 0.095514928 -0.142620128 59.014861287
-0.153129831 -0.087341898 0.984338686 25.435171115 0.082604544 0.99146901 0.100825058 0.903949738 -0.984747554 0.096750172 -0.144608644 59.96183333
-0.153317455 -0.09056817 0.984017868 25.429562403 0.08273573 0.991118246 0.104112537 0.939698631 -0.984707346 0.097375706 -0.144462503 60.964471377
-0.15443257 -0.087502178 0.984120902 25.543750588 0.082396942 0.991459836 0.101084802 0.909482539 -0.984561489 0.096699338 -0.145903779 61.9281767
-0.157265224 -0.085554047 0.983843562 25.710515463 0.082703987 0.991599734 0.099448566 0.864329327 -0.984087242 0.097007586 -0.148868493 62.850617331
-0.159245985 -0.078570004 0.984107449 25.87907708 0.083643666 0.99217005 0.092748737 0.708258126 -0.983689206 0.097084218 -0.151427214 63.78372479
-0.161569679 -0.077813116 0.983788777 26.02795164 0.084936044 0.992091022 0.092419009 0.616883272 -0.983199424 0.098491237 -0.15368269 64.722027417
-0.16795018 -0.076852786 0.982795191 26.313133645 0.086364437 0.991976026 0.092329556 0.50831389 -0.982005051 0.100385319 -0.159965204 65.542316411
-0.17347945 -0.079449506 0.981627555 26.605263906 0.087206498 0.99158601 0.095667195 0.492248259 -0.980968861 0.102200594 -0.165091283 66.399576187
-0.178555954 -0.077973728 0.980835291 26.939639544 0.086460747 0.991755446 0.094581579 0.515342116 -0.98012362 0.101691856 -0.170342173 67.258007147
-0.185533542 -0.076408508 0.97966272 27.379549994 0.085863389 0.991898187 0.093624058 0.542912181 -0.978879351 0.101487564 -0.17746969 68.060994249
-0.191819696 -0.073886122 0.978645005 27.793340984 0.087094316 0.991946418 0.091961313 0.415042744 -0.977558072 0.102874408 -0.183839799 68.878762528
-0.197415536 -0.074154395 0.977511244 28.162217769 0.088582386 0.991706418 0.093121107 0.30732058 -0.976309514 0.104973832 -0.189209481 69.720939086
-0.20432182 -0.074029033 0.976100556 28.607584695 0.09017443 0.99147329 0.094070649 0.192536457 -0.974741589 0.107239998 -0.195904102 70.520917854
-0.210830042 -0.070254233 0.97499489 29.066260421 0.0910921 0.991661947 0.091152684 0.07269472 -0.973269193 0.108032056 -0.202672524 71.319389189
-0.217005373 -0.067658232 0.973822895 29.510847091 0.091567642 0.991785715 0.089311043 0.005960437 -0.971866264 0.108551643 -0.209027524 72.127891224
-0.223290729 -0.061474606 0.972811453 29.995203503 0.092360729 0.992184726 0.083898539 -0.137151708 -0.970366295 0.108583341 -0.215867812 72.919637576
-0.229272302 -0.057722221 0.971649297 30.439658258 0.093169866 0.992355081 0.080936825 -0.239101697 -0.96889297 0.109085007 -0.222141562 73.723912501
-0.23600725 -0.049625782 0.970483312 30.980639628 0.094970511 0.992736336 0.073859123 -0.473587167 -0.967099364 0.109598584 -0.229579987 74.488082979
-0.24128602 -0.056961682 0.968780896 31.348290967 0.094791459 0.992118923 0.081942797 -0.376586295 -0.965813458 0.111603806 -0.233984945 75.341092617
-0.248649314 -0.049580589 0.967323774 31.936959392 0.097920356 0.992285742 0.076030325 -0.704871302 -0.963631217 0.113625577 -0.24187622 76.077577437
-0.254842282 -0.049924085 0.965693014 32.417450887 0.098022667 0.992188311 0.077161596 -0.696540463 -0.962001543 0.114323842 -0.247957842 76.873841759
-0.260608609 -0.058895789 0.963646428 32.797720519 0.095986015 0.991611547 0.086563416 -0.425151175 -0.960661146 0.115055752 -0.252769334 77.709553514
-0.264206848 -0.056004844 0.962838615 33.135354436 0.096749323 0.991737951 0.084234223 -0.534694571 -0.95960112 0.115409243 -0.256605527 78.577300631. 0. 0. 0. 0. 1. 0. 0. 0. 0. 1. 0.
0.999109392 -0.002286709 0.042133049 0.05837979 0.002427614 0.99999163 -0.003293429 -0.006431288 -0.042125165 0.003392779 0.999106581 0.998273729
0.997749885 -0.00525464 0.066839771 1.075937841 0.005867423 0.99994251 -0.008974948 -0.011018081 -0.066788768 0.009346931 0.997723356 0.877251367
0.993706005 -0.003870566 0.111952644 1.101838707 0.005404381 0.999895606 -0.01340035 -0.024367205 -0.11188909 0.013921043 0.993623186 1.827439457
0.987430165 -0.000645973 0.158054588 1.258597262 0.003284349 0.999859588 -0.016432188 -0.06719051 -0.15802178 0.016744744 0.987293639 2.770802324
0.978851064 -0.00050279 0.204573563 1.393201108 0.004098008 0.999844514 -0.017150933 -0.08188462 -0.204533131 0.017626553 0.978700926 3.708030287
0.967991511 0.001427917 0.250978874 1.583707068 0.003511309 0.999808902 -0.019230948 -0.116101701 -0.250958373 0.019496659 0.967801516 4.63678562
0.955375669 -0.000080223 0.295393507 1.826988687 0.006863756 0.999736 -0.021927573 -0.141442522 -0.295313765 0.022976579 0.955124001 5.557815484
0.940730383 0.002218093 0.33914809 2.110104962 0.006573484 0.999671525 -0.024771598 -0.176554927 -0.339091634 0.02553278 0.940406795 6.466569083
0.923975059 0.004614134 0.382424895 2.430332081 0.006210923 0.999614327 -0.027066996 -0.204146367 -0.382402295 0.027384441 0.923590048 7.360905262
0.903825221 0.01011408 0.427782276 2.712358856 0.002698111 0.999566042 -0.029333409 -0.232434477 -0.427893317 0.027666479 0.903405709 8.227458287
0.879915261 0.018210757 0.474781531 2.869694697 -0.00182235 0.999387219 -0.0349552 -0.270971167 -0.475127154 0.029892396 0.879409252 9.033776462
1. 0. 0. 0. 0. 1. 0. 0. 0. 0. 1. 0.
0.999008516 0.00091202 0.044510156 -0.001081474 -0.000793378 0.999996086 -0.002683092 -0.026105046 -0.044512428 0.002645118 0.999005329 0.99965862
0.995914178 -0.004322699 0.090201241 0.087685091 0.005164883 0.999945206 -0.009105395 -0.020445421 -0.090156938 0.009534071 0.995881935 1.997461454
0.990665756 -0.002299863 0.136294057 0.205454491 0.004180553 0.99989994 -0.013514142 -0.042760927 -0.136249339 0.013957782 0.990576245 2.990725997
0.983206008 0.001625202 0.182491928 0.336638758 0.001451295 0.9998591 -0.016723454 -0.08321687 -0.182493394 0.01670745 0.983065116 3.977165031
0.973765801 -0.001362903 0.227548472 0.5752674 0.005250282 0.999850422 -0.016479331 -0.096540312 -0.227491976 0.017241702 0.973627303 4.955791913
0.961880261 0.000318694 0.27347077 0.840150426 0.004804381 0.999825296 -0.01806364 -0.13093679 -0.273428751 0.018688916 0.961710686 5.921952751
0.948227357 -0.001010813 0.317590709 1.157308463 0.007973122 0.999755525 -0.020623294 -0.16106515 -0.317492219 0.022087761 0.948003598 6.875337448
0.932665064 -0.001745209 0.360739285 1.474794595 0.010488828 0.999696709 -0.022281699 -0.201264612 -0.36059099 0.024565094 0.932400501 7.814319814
0.914771168 0.000375309 0.403972238 1.8363143 0.010820191 0.999618037 -0.025430373 -0.196394462 -0.40382748 0.027634029 0.914417698 8.735609692
0.894960548 0.001775059 0.446141757 2.276583859 0.010614131 0.999624335 -0.025269146 -0.196712918 -0.446019011 0.027350296 0.894605501 9.639972722
0.872860367 0.003509106 0.487957442 2.782500158 0.010311377 0.999618221 -0.025633708 -0.21746858 -0.487861102 0.027406161 0.872490944 10.519893273
0.848795705 0.004078921 0.528705224 3.315107685 0.010922336 0.999621575 -0.02524698 -0.228916471 -0.528608129 0.027204224 0.848429948 11.375667109
0.822503015 0.007785991 0.568707454 3.874587105 0.009774844 0.999565106 -0.027821763 -0.26509165 -0.568676747 0.028442511 0.822069207 12.203079222
0.79639418 0.004882887 0.604758189 4.550585344 0.013860945 0.999557369 -0.026323747 -0.281213593 -0.604619041 0.029346599 0.79597399 13.009079087
0.768765027 0.00264364 0.639525875 5.197255465 0.018339903 0.999489055 -0.026177776 -0.297694698 -0.639268317 0.031853401 0.768323746 13.791153497
0.739229068 -0.000971192 0.673453371 5.892541116 0.023526589 0.999425816 -0.024383134 -0.276046409 -0.673043004 0.033868782 0.738827463 14.540154498
0.707577079 0.001628307 0.706634294 6.603263815 0.023979683 0.999366059 -0.02631453 -0.310465472 -0.706229178 0.035564425 0.707089471 15.252579545
0.673595406 0.00379003 0.739090566 7.350077858 0.025459859 0.999274398 -0.028327955 -0.361971983 -0.738661644 0.037898722 0.67301015 15.92362134
0.641793017 -0.000779281 0.76687751 8.119012981 0.032725287 0.99911639 -0.026372227 -0.356393648 -0.766179339 0.042021798 0.641251425 16.593485995
0.606730344 0.001019804 0.794907069 8.936164125 0.034669387 0.99901367 -0.02774383 -0.399202715 -0.794151322 0.044391965 0.606096552 17.207971697
0.575483634 -0.00749206 0.817778978 9.804029399 0.046613499 0.998632908 -0.023653687 -0.405621777 -0.816483784 0.051731849 0.575046126 17.827485097
0.538199733 -0.008542289 0.842774036 10.668788981 0.052267366 0.998362232 -0.023258884 -0.465829984 -0.841195084 0.056567504 0.53776477 18.365932211
0.500014249 -0.006123583 0.865995527 11.516129265 0.054057573 0.998245658 -0.024153378 -0.513349972 -0.864328369 0.05889065 0.499468079 18.868445653
0.462442596 -0.007645394 0.886616261 12.361645427 0.05643496 0.998189006 -0.02082793 -0.473640686 -0.884851366 0.059667875 0.462036583 19.358238863
0.429387199 -0.001805042 0.903118694 13.539215734 0.053689874 0.998280353 -0.023531577 -0.387376759 -0.901523173 0.058592487 0.428745716 19.762720994
0.396771389 0.00133846 0.917916485 13.600040351 0.055923842 0.998106056 -0.025628591 -0.376340132 -0.916212306 0.061502108 0.395945074 18.498296408
0.364419931 0.001310183 0.931233804 14.314092761 0.055853849 0.998167943 -0.023261654 -0.357099264 -0.929558208 0.060490003 0.363679114 19.009246513
0.324201054 0.010288878 0.945932247 14.870097252 0.057800185 0.997857144 -0.030663624 -0.489702055 -0.944220745 0.064616238 0.322911639 19.337077425
0.29233799 0.011326702 0.956247983 15.589550842 0.058710486 0.997831125 -0.029767844 -0.485957995 -0.954511173 0.064844056 0.291038949 19.824844454
0.262017208 0.012291751 0.96498492 16.286162856 0.061139719 0.997698799 -0.029309395 -0.548193201 -0.96312456 0.066678472 0.26066274 20.318328114
0.230187251 0.018503001 0.972970436 16.934125666 0.061871946 0.997518116 -0.033607611 -0.64106535 -0.971177477 0.067935618 0.228471136 20.766015472
0.199850606 0.018616743 0.979649505 17.605034436 0.062549355 0.997537777 -0.031716885 -0.629778276 -0.977827855 0.067615083 0.198194064 21.230230105
0.169827729 0.017570896 0.985317109 18.281997071 0.063213342 0.997587711 -0.028685068 -0.591564168 -0.983444262 0.067156708 0.168307341 21.684135478
0.138666388 0.022070863 0.990093182 18.94067784 0.06175026 0.997613606 -0.030886869 -0.636465026 -0.98841213 0.065421482 0.136972594 22.092966623
0.108351808 0.024380744 0.993813597 19.626894312 0.061623244 0.997611951 -0.031192481 -0.644132756 -0.992200817 0.06462178 0.106590638 22.502443513
0.080733799 0.021827037 0.99649668 20.262158823 0.062119691 0.997706505 -0.026886327 -0.57253106 -0.994798069 0.064072701 0.079192747 22.953330867
0.052511368 0.01931043 0.998433605 20.742720468 0.064133213 0.997683843 -0.022668936 -0.531816357 -0.996558823 0.065223132 0.051151303 23.362065032
0.02745521 0.017435174 0.999470973 21.310610143 0.065451837 0.997670963 -0.019201719 -0.484461403 -0.997477954 0.065944399 0.026250102 23.837690605
0.003232486 0.015031267 0.999881799 21.747263299 0.067032354 0.997634799 -0.015214195 -0.408903571 -0.997745566 0.06707361 0.002217259 24.309426712
-0.01630057 0.016218126 0.999735597 22.22853622 0.066666394 0.997661094 -0.015097485 -0.396782582 -0.997642162 0.06640267 -0.017343649 24.879314353
-0.036449243 0.013891258 0.999238953 22.198592339 0.068566725 0.997581773 -0.011367111 -0.219860235 -0.99698047 0.06810022 -0.037313578 25.270048657
-0.051981586 0.012896348 0.99856477 22.523210753 0.067036061 0.997706314 -0.009395612 -0.188445985 -0.996395545 0.06645145 -0.052726877 25.921158024
-0.068211495 0.01323905 0.997583039 22.845202319 0.066895063 0.997722374 -0.008666831 -0.160106613 -0.995425659 0.066142203 -0.068941762 26.547154092
-0.079911324 0.011172999 0.996739356 23.176565043 0.067613443 0.997694949 -0.005762956 -0.121129291 -0.99450621 0.066932454 -0.08048257 27.2806809
-0.091132356 0.011637659 0.995770786 23.514400087 0.070465359 0.997500627 -0.005208928 -0.191560819 -0.993342603 0.069692644 -0.091724634 28.016832186
-0.10046328 0.009545722 0.994894974 23.813191989 0.073902211 0.997263269 -0.00210589 -0.241263507 -0.992192316 0.073313373 -0.100893789 28.797645769
-0.109546494 0.009661548 0.993934716 24.127973304 0.075977673 0.997108647 -0.001318522 -0.289264647 -0.991073639 0.075372407 -0.109963818 29.577360834
-0.124232102 0.007793868 0.992222576 24.24103237 0.077372475 0.997000529 0.001856091 -0.274580248 -0.989231967 0.077001303 -0.124462503 30.169857478
-0.129881007 0.005846648 0.99151235 24.422528951 0.077745292 0.996963958 0.004305282 -0.251126221 -0.988476906 0.077644592 -0.129941232 31.035068318
-0.14167584 0.003486211 0.989906967 24.600930118 0.079844164 0.996775919 0.007916924 -0.253380444 -0.986687826 0.080159931 -0.141497419 31.730104925
-0.148790521 0.00394873 0.988860854 24.740802545 0.081930579 0.996603075 0.008348168 -0.324734423 -0.985468803 0.082260071 -0.148608612 32.547508167
-0.15303504 -0.001521595 0.988219592 24.827765657 0.081035972 0.99661167 0.014083694 -0.205028646 -0.984892607 0.082236633 -0.152393202 33.451490275
-0.157202676 0.00004627 0.987566361 24.946263786 0.079826279 0.996728391 0.012660198 -0.196892076 -0.984334843 0.080823964 -0.156692064 34.343517757
-0.159947622 -0.00242722 0.987122519 25.037891506 0.077307585 0.996894781 0.014977723 -0.066546726 -0.984093642 0.078707709 -0.159263307 35.279398497
-0.162842725 -0.005142423 0.986638638 25.11829875 0.075879923 0.996959496 0.017720045 0.037885809 -0.983729884 0.077751644 -0.161957394 36.211209463
-0.165531132 -0.008874758 0.986164633 25.206846532 0.075852792 0.9968828 0.021703366 0.115162198 -0.983283173 0.078395923 -0.164341964 37.150111973
-0.166108309 -0.010227142 0.986054479 25.248040822 0.075489027 0.996880044 0.023056118 0.148477434 -0.983213831 0.078266105 -0.164818021 38.137696536
-0.166368942 -0.01627818 0.985929204 25.245936469 0.075857469 0.996689377 0.029256275 0.25192634 -0.983141404 0.079657429 -0.164583335 39.143015103
-0.165414693 -0.017809022 0.986063293 25.236295128 0.074996505 0.996714728 0.030582255 0.280690649 -0.983368448 0.079010055 -0.163535646 40.169044805
-0.164715756 -0.018126979 0.986174494 25.21247929 0.076259235 0.996604265 0.031055885 0.226844602 -0.983388656 0.080320306 -0.162774076 41.187777463
-0.165442304 -0.020442854 0.986007573 25.173122446 0.07592065 0.996554303 0.033400251 0.294817177 -0.983292886 0.08038415 -0.163320205 42.171822088
-0.163147885 -0.026551184 0.986244291 25.036383749 0.074379846 0.996461965 0.039130426 0.457468414 -0.983793884 0.079740745 -0.160595789 43.241322496
-0.162297216 -0.031634916 0.986234681 24.988395916 0.074061093 0.996276167 0.044144688 0.558417625 -0.983958621 0.080206178 -0.159349932 44.272601561
-0.16089235 -0.033441994 0.986405234 24.929589117 0.074947196 0.996126131 0.045996182 0.551190489 -0.984122233 0.08132874 -0.15776269 45.312002295
-0.158128849 -0.037634621 0.98670102 24.837025007 0.074784174 0.995946839 0.049972196 0.623465332 -0.984582447 0.081691666 -0.154673453 46.388249084
-0.157583414 -0.03931871 0.986722609 24.783027119 0.074354528 0.995898122 0.051559039 0.676812933 -0.984702428 0.081492143 -0.154013502 47.404717868
-0.158021517 -0.040306103 0.986612699 24.801127071 0.071801068 0.996052519 0.052191817 0.813010607 -0.984821713 0.079087276 -0.154503709 48.393742389
-0.159611922 -0.042343056 0.986271311 24.798134612 0.068862704 0.996168357 0.053912266 0.971023458 -0.984775082 0.07652235 -0.156084489 49.352240545
-0.158967087 -0.049118885 0.986061256 24.701166482 0.068874798 0.995776577 0.060706433 1.075033641 -0.984878534 0.077565094 -0.154912649 50.380587519
-0.158856904 -0.058168155 0.985586602 24.502399705 0.06859577 0.995200343 0.069791816 1.22042536 -0.984915785 0.078693984 -0.154104356 51.388637794
-0.158500468 -0.057343004 0.985692336 24.496681073 0.068852609 0.995239898 0.068970016 1.197136664 -0.984955288 0.078799269 -0.153797775 52.396146722
-0.158359544 -0.06159426 0.985458473 24.467934663 0.067927463 0.995008166 0.073106839 1.30617711 -0.985042189 0.078516859 -0.153385097 53.406495301
-0.15632564 -0.063328827 0.985673249 24.416167011 0.066695635 0.994987783 0.074505063 1.401140145 -0.985451159 0.077387154 -0.151318345 54.455944177
-0.155211994 -0.072168496 0.985241567 24.285296655 0.065278737 0.994398934 0.083123085 1.589097867 -0.985722032 0.077217025 -0.149631573 55.496977345
-0.15657413 -0.077453854 0.984624518 24.115455896 0.064265987 0.994008691 0.088411565 1.63778416 -0.985573145 0.077120831 -0.150658398 56.443327795
-0.157292917 -0.077888546 0.984475654 24.161921418 0.064884369 0.993915804 0.089002209 1.591142844 -0.985418163 0.077876499 -0.151282167 57.427442577
-0.15848936 -0.076538543 0.984389646 24.243536 0.065481681 0.993981168 0.087827031 1.520660517 -0.985186922 0.078379138 -0.152523567 58.396523745
-0.160887894 -0.076550061 0.98399958 24.350894496 0.065819661 0.99393603 0.088084845 1.483766408 -0.984775537 0.078938304 -0.154873775 59.33744952
-0.16354259 -0.079610255 0.983318884 24.368512418 0.065668035 0.993649604 0.091368345 1.556628349 -0.984348277 0.079515235 -0.157276181 60.269639953
-0.163466292 -0.079929828 0.983305646 24.397460348 0.064936686 0.993679266 0.091568245 1.597595723 -0.984409467 0.078820932 -0.157242687 61.27028296
-0.164339764 -0.080109987 0.983145377 24.460095063 0.064538298 0.993687803 0.091757056 1.61909494 -0.984290227 0.078529863 -0.158132257 62.248356567
-0.16679166 -0.077500823 0.982941587 24.540664537 0.065309254 0.993848417 0.089442863 1.548235251 -0.983826836 0.079113505 -0.160704107 63.179919214
-0.169654734 -0.077858278 0.982423208 24.690335502 0.066014869 0.993737442 0.090155057 1.495043832 -0.983290043 0.080149772 -0.163452458 64.109840074
-0.171393846 -0.076200454 0.982251312 24.842220687 0.068075128 0.993705468 0.088967523 1.34967432 -0.982847865 0.08211537 -0.165127646 65.065604952
-0.177165528 -0.078831994 0.981018803 25.176598369 0.068251268 0.993403045 0.092152886 1.360637794 -0.981811662 0.083282092 -0.170616392 65.924378049
-0.181219163 -0.07741648 0.980390893 25.473400651 0.068194018 0.99350798 0.09105751 1.351633456 -0.981075528 0.08335816 -0.174763343 66.817415717
-0.187471112 -0.073050232 0.979550022 25.910097677 0.06832562 0.993845572 0.087192821 1.292119805 -0.979890908 0.083274497 -0.181326132 67.645848339
-0.145197217 -0.073455397 0.986672222 23.813628362 0.076268294 0.993442005 0.08518292 0.768173351 -0.986458775 0.08762013 -0.138642697 68.12376617
-0.036895743 -0.077495466 0.99630977 17.227468853 0.085687671 0.993071378 0.080416796 -0.020249187 -0.995638653 0.088338501 -0.029999701 69.983821773
-0.044676134 -0.074648719 0.996208619 17.735523038 0.08813239 0.993021666 0.078362311 -0.226861897 -0.995106389 0.091299172 -0.037785399 70.842092033
-0.051335682 -0.070760636 0.996171461 18.186850461 0.088614206 0.993229468 0.075118213 -0.321470789 -0.994742263 0.092131188 -0.044717715 71.715448928
-0.056894105 -0.065339477 0.996239837 18.564516111 0.089334624 0.993520231 0.070262905 -0.454604918 -0.994375375 0.092996256 -0.050688367 72.602946024
-0.064336911 -0.067833854 0.995620073 19.076475981 0.088757714 0.993344053 0.073414302 -0.377139307 -0.993973254 0.093092211 -0.05788791 73.467410461
-0.069620451 -0.060690278 0.995725707 19.491334942 0.088921812 0.99379676 0.066790059 -0.486773829 -0.993602488 0.093191688 -0.063791889 74.353388153
-0.0773583 -0.055733847 0.995444339 20.073499363 0.089310859 0.994034896 0.062595488 -0.578451951 -0.992995098 0.09374627 -0.071919212 75.191410436
-0.089087751 -0.058868298 0.994282604 20.817543789 0.090185536 0.993674609 0.066912928 -0.592126255 -0.991932428 0.095631032 -0.083215167 75.949348286
-0.072583795 -0.052712703 0.995968355 20.116883892 0.087063572 0.994455417 0.058977614 -0.496674901 -0.993554995 0.090993381 -0.067591992 77.128970845
-0.07800664 -0.05067125 0.995664295 20.504073643 0.086997702 0.994551722 0.05743058 -0.514734184 -0.993149719 0.091100472 -0.073173356 78.014390365
-0.084650188 -0.053668554 0.994964337 20.965039506 0.086640898 0.994369854 0.061007775 -0.446177473 -0.992636741 0.091368923 -0.079523703 78.881312696
-0.092194847 -0.046335946 0.9946623 21.581360038 0.088993822 0.994535695 0.054578849 -0.732202664 -0.991756124 0.093550688 -0.087567453 79.7056276011. 0. 0. 0. 0. 1. 0. 0. 0. 0. 1. 0.
0.998892249  0.006182527  0.046648172 -0.009414176 -0.006060613  0.999977841 -0.002754465 -0.028089843 -0.046664168  0.002468697  0.998907584  0.999561071
0.995753398  0.002772373  0.09201893   0.058339043 -0.002142367  0.999973591 -0.006944562 -0.069176313 -0.092035753  0.006717933  0.995733041  1.997898779
0.990335643  0.005622239  0.138577433  0.174004323 -0.004065623  0.999925454 -0.011513339 -0.094144709 -0.138631833  0.010838667  0.990284675  2.992276144
0.982932072  0.007299446  0.183823992  0.355386004 -0.004726811  0.999884718 -0.014429406 -0.119679625 -0.183908127  0.013314225  0.982853261  3.979746103
0.97341884   0.00404662   0.228996478  0.609067832 -0.000932567  0.999905643 -0.013705275 -0.13154752  -0.229030331  0.013127418  0.973330765  4.956559987
0.960713633  0.008463658  0.277412475  0.838214026 -0.003945295  0.999850385 -0.016841684 -0.154118588 -0.277513512  0.015085561  0.960603288  5.919325054
0.947032101  0.004295856  0.321110177  1.149856219  0.001819195  0.999822717 -0.018741015 -0.183317014 -0.321133759  0.018332505  0.946856393  6.873304674
0.931393188  0.004197507  0.363990536  1.494932967  0.003691131  0.999773201 -0.020974308 -0.210954471 -0.363996024  0.020878865  0.931166455  7.812579711
0.913408296  0.00487704   0.407015355  1.856617068  0.00453629   0.999744155 -0.02215955  -0.24882897  -0.407019295  0.022087057  0.913152482  8.733700646
0.894010512  0.005026715  0.448017786  2.334829423  0.005010295  0.999762378 -0.021215178 -0.257923012 -0.448017969  0.021211294  0.893772891  9.63703028
0.871756165  0.00599702   0.489903282  2.831653738  0.005349632  0.999748964 -0.021757537 -0.269407262 -0.489910779  0.02158807   0.87150524  10.514371107
0.846827313  0.007216488  0.531818977  3.310674978  0.005501082  0.999735623 -0.022325354 -0.295788939 -0.531839487  0.0218313    0.846563733 11.362949737
0.820862803  0.009670529  0.571043553  3.881698346  0.004758321  0.999706133 -0.023769843 -0.338015338 -0.57110561   0.022228988  0.820575563 12.19308451
0.794442377  0.004348179  0.607323969  4.512999463  0.010730472  0.999717793 -0.021194115 -0.338972827 -0.607244734  0.023354376  0.794171522 13.002799597
0.766765948  0.001632513  0.641924696  5.154907264  0.015313022  0.999665685 -0.020833395 -0.361380865 -0.641744102  0.025804145  0.766484608 13.787120821
0.737765819 -0.004415934  0.675042292  5.860299179  0.021935992  0.999607338 -0.017435093 -0.329022289 -0.674700236  0.027670738  0.737572994 14.541696163
0.706347499 -0.003559394  0.7078563    6.577371507  0.023004058  0.999574596 -0.01792875  -0.354450259 -0.707491359  0.028947495  0.706128897 15.258088834
0.672498217 -0.003383233  0.74009101   7.320459799  0.025736455  0.999491651 -0.018816884 -0.392104515 -0.739651123  0.03170164   0.672243425 15.93249811
0.63846611  -0.007181667  0.76961643   8.117721477  0.030636422  0.999401085 -0.01608977  -0.399584179 -0.769039944  0.033851067  0.638303744 16.583015713
0.602625514 -0.005066632  0.798008032  8.9234676    0.032120904  0.999323481 -0.017911689 -0.444117192 -0.797377412  0.03642678   0.602380571 17.191683576
0.566231945 -0.005962852  0.824224381  9.764237421  0.036753838  0.999161848 -0.018020994 -0.492176415 -0.823426099  0.040497472  0.565976514 17.769960573
0.533741306 -0.01385924   0.845534234 10.640787653  0.048459917  0.9987239   -0.01422001  -0.494290238 -0.844258168  0.048564326  0.533731816 18.357306944
0.497326808 -0.014656583  0.867439468 11.513671351  0.052150207  0.998554279 -0.013027194 -0.505878077 -0.865994458  0.05171592   0.497372156 18.883105724
0.458680572 -0.019384701  0.88838976  12.294664172  0.056110977  0.998398683 -0.007185309 -0.401988012 -0.886827881  0.053144179  0.459033774 19.361082493
0.422097053 -0.020378906  0.906321564 13.165205151  0.058598791  0.998269859 -0.00484456  -0.380462662 -0.904654774  0.055154222  0.422560945 19.840854679
0.386450075 -0.015726454  0.922176241 13.955523491  0.060106221  0.998158583 -0.008166074 -0.48778049  -0.920349706  0.058584309  0.386683717 20.307785233
0.354084348 -0.015939284  0.935077651 14.724816359  0.059743711  0.998197997 -0.005607824 -0.466591255 -0.933303254  0.057850652  0.354398559 20.807733832
0.322408919 -0.021343477  0.946359839 15.487565185  0.061395445  0.998112247  0.001594264 -0.353978722 -0.944607373  0.057588179  0.323110683 21.303875392
0.290277469 -0.021615279  0.95669837  16.233403462  0.061832154  0.998079368  0.003789368 -0.328193746 -0.954942813  0.058054753  0.291056472 21.769519088
0.256552603 -0.011155888  0.966465886 16.985604486  0.062048501  0.998060858 -0.004950458 -0.537336053 -0.964536544  0.061237812  0.256747318 22.175467864
0.226406114 -0.008776696  0.97399345  17.727216125  0.063708013  0.997951631 -0.005816431 -0.586197005 -0.971947303  0.063368063  0.226501496 22.632720777
0.194599412 -0.004551694  0.98087224  18.455369677  0.063926139  0.99792215  -0.008051765 -0.65010006  -0.978797485  0.064270244  0.194486036 23.039730283
0.163619907 -0.003927859  0.986515635 19.19670923   0.06495814   0.997864816 -0.006800675 -0.640516125 -0.98438253   0.065194947  0.163525695 23.446891252
0.131560362  0.003293269  0.991302691 19.959968398  0.063463675  0.99791512  -0.011737794 -0.731436754 -0.989274599  0.06445594   0.131077072 23.804912531
0.101904515  0.004620697  0.994783453 20.691407289  0.063232921  0.997936923 -0.011112855 -0.71643786  -0.992782487  0.064035514  0.101402098 24.197679557
0.073548901  0.004151084  0.997282973 21.401330694  0.064195166  0.997897782 -0.008887991 -0.680380398 -0.995223362  0.064674448  0.073127806 24.599820213
0.047568186  0.000850665  0.998867631 22.0060907    0.06512209   0.997869482 -0.003951066 -0.626087934 -0.996742886  0.065236293  0.047411444 25.038912609
0.022741464  0.000498458  0.999741255 22.621108912  0.065878369  0.997825664 -0.001996061 -0.606712173 -0.997568477  0.065906716  0.022659179 25.485815958
-0.000318592 -0.002028298  0.999997892 23.169183601  0.066552308  0.997780842  0.002045005 -0.527808713 -0.997782887  0.066552819 -0.000182897 25.961602301
-0.019538813 -0.00346454   0.999803096 23.657930918  0.065911407  0.997814193  0.004745733 -0.458092964 -0.997634162  0.065991154 -0.019267752 26.514974419
-0.035343543 -0.005910935  0.999357741 24.089015572  0.0666471    0.997742433  0.008258439 -0.389201564 -0.997150439  0.066896178 -0.034869806 27.141802108
-0.05097271  -0.00568634   0.998683858 24.51285025   0.066163747  0.997767663  0.009058113 -0.357537499 -0.996505967  0.066538383 -0.050482692 27.762300808
-0.066219994 -0.006151272  0.997786086 24.849951701  0.0646699    0.997852061  0.010443621 -0.319053115 -0.995707144  0.065218303 -0.065679955 28.382597532
-0.079638072 -0.006521684  0.996802511 25.184253106  0.064482995  0.997850446  0.011680315 -0.314810601 -0.994736006  0.06520701  -0.079046348 29.045642716
-0.091238753 -0.006078103  0.995810497 25.525786997  0.067686221  0.99763095   0.012290803 -0.394888761 -0.993526077  0.068524047 -0.0906112   29.749176823
-0.101912604 -0.006953758  0.994769052 25.845228651  0.070809339  0.997388414  0.014226379 -0.456610758 -0.992270053  0.071888787 -0.10115406  30.474565891
-0.111544946 -0.009475958  0.99371421  26.133282437  0.072922929  0.997180598  0.017694651 -0.45185201  -0.991080204  0.074438299 -0.110539442 31.227065867
-0.118377623 -0.010201393  0.992916245 26.353463581  0.073819942  0.997089713  0.019045245 -0.452588174 -0.990220862  0.07555155  -0.117280043 32.047992105
-0.12661462  -0.010621216  0.991895119 26.547252708  0.075241663  0.996959084  0.02027998  -0.467660064 -0.989094247  0.07719958  -0.125430438 32.82644762
-0.131819945 -0.013132827  0.991186678 26.720051843  0.076594361  0.996787866  0.023393481 -0.44563933  -0.988310076  0.079003038 -0.130390621 33.691381136
-0.137337568 -0.012721346  0.990442608 26.900022224  0.078536486  0.996629701  0.023690904 -0.513161339 -0.987405901  0.081039533 -0.13587561  34.540713322
-0.141062191 -0.014755455  0.989890769 27.033593472  0.079252747  0.996511561  0.026147882 -0.487472815 -0.986823419  0.08214004  -0.139400693 35.443443253
-0.144694215 -0.016686385  0.989335711 27.126281573  0.077863679  0.996565212  0.028196187 -0.393668992 -0.986408045  0.081113143 -0.142897958 36.348435403
-0.147329559 -0.019719931  0.988890856 27.194795234  0.075783463  0.996637151  0.031164976 -0.234132466 -0.986179937  0.079533096 -0.145339668 37.282928105
-0.149721745 -0.021692915  0.98849017  27.281783128  0.074579332  0.996663322  0.033168444 -0.141007427 -0.985911417  0.078686974 -0.147604328 38.221498926
-0.151813164 -0.026721732  0.98804793  27.354229708  0.0745624    0.9964765    0.038406165 -0.028748319 -0.985592822  0.079501786 -0.149285814 39.174173064
-0.153381811 -0.029316627  0.987732026 27.393486796  0.074175068  0.996398256  0.041092261  0.040722299 -0.985379155  0.079567896 -0.150654806 40.136078673
1. 0. 0. 0. 0. 1. 0. 0. 0. 0. 1. 0.
0.998950246  0.002075795  0.04576131   0.004879269 -0.001961566  0.999994848 -0.002540973 -0.025697124 -0.045766349  0.002448542  0.998949171  0.999657867
0.995857493 -0.002279755  0.090899152  0.106863296  0.003005102  0.999964723 -0.007843626 -0.031850291 -0.090878064  0.008084295  0.995829213  1.996644954
0.990481578  0.001958706  0.13763142   0.219769752 -0.00033215   0.999929848 -0.011840175 -0.069135121 -0.137644957  0.011681761  0.990412743  2.988656524
0.983088362  0.00302384   0.183106878  0.401932132 -0.000328214  0.999891157 -0.014750115 -0.093651829 -0.183131551  0.014440568  0.982982352  3.974021226
0.973701613 -0.000978205  0.227824959  0.651198558  0.004400935  0.999884952 -0.014515992 -0.102712101 -0.227784548  0.015136888  0.973593896  4.949121815
0.961709639  0.003110694  0.274052721  0.915909825  0.001588284  0.999855539 -0.016922704 -0.13530001  -0.274065772  0.016710001  0.961565769  5.911497568
0.948272302 -0.000757142  0.317457191  1.222518502  0.006997798  0.999804029 -0.01851848  -0.174045107 -0.317380958  0.019782063  0.948091766  6.862349768
0.932989175 -0.001730182  0.359900272  1.564217233  0.009531104  0.999756509 -0.019901781 -0.214832087 -0.359778206  0.021998393  0.932778491  7.7989154
0.915726277 -0.003446185  0.40178789   1.949751678  0.013106453  0.999687284 -0.02129685  -0.224300614 -0.401588852  0.024768099  0.915485082  8.71897023
0.89570603  -0.000649808  0.444646247  2.385108022  0.01134015   0.999707044 -0.021382892 -0.240712537 -0.44450209   0.02419514   0.895450997  9.61655025
0.873464105  0.001622533  0.486885844  2.872035615  0.01058751   0.999694697 -0.022325249 -0.255982102 -0.48677342   0.024655212  0.873180255 10.491038647
0.848774784  0.004380333  0.528736397  3.395548921  0.008858941  0.999707518 -0.022503268 -0.285481093 -0.528680324  0.023784251  0.848487728 11.338495318
0.820658925  0.010761699  0.571317001  3.900731398  0.007380255  0.99953962  -0.029429225 -0.316991384 -0.571370686  0.028367822  0.820201686 12.145081409
0.792688057  0.009553388  0.609552604  4.497516654  0.009988927  0.999539433 -0.028655593 -0.341191816 -0.609545623  0.028803723  0.792227543 12.946022618
0.765080051  0.008997693  0.643872314  5.166355686  0.013818147  0.999442721 -0.030385943 -0.3495797   -0.643786901  0.032144801  0.764529357 13.728450068
0.73345561   0.008340424  0.679686182  5.829743875  0.015645685  0.999452663 -0.029147679 -0.351028087 -0.679557268  0.032012685  0.732923671 14.466026717
0.701546441  0.009800313  0.712556345  6.536911981  0.016405073  0.999418342 -0.029897332 -0.382474169 -0.712434884  0.032663906  0.700977607 15.181912282
0.669184364  0.008782558  0.743044517  7.286850296  0.02008528   0.999351052 -0.029900785 -0.419177193 -0.742824925  0.034933394  0.668573698 15.872269546
0.634811701  0.005586033  0.772646685  8.060237077  0.025458087  0.999279724 -0.028141066 -0.425325321 -0.772247363  0.037534385  0.634212252 16.523465324
0.599389229  0.007147694  0.800425801  8.87307114   0.027508987  0.999185511 -0.029522365 -0.470855277 -0.79998488   0.039714291  0.598704407 17.139659509
0.568446837  0.006639811  0.822693203  9.837607546  0.03095236   0.9990869   -0.029450248 -0.645435992 -0.822137547  0.042205197  0.56772227  17.724934274
0.531261958  0.005017371  0.847192751 10.783200164  0.035538391  0.998970309 -0.028201846 -0.740883551 -0.846461904  0.045090435  0.530536614 18.251629521
0.500135298  0.001353778  0.865946217 11.725619753  0.043495198  0.998697261 -0.026682372 -0.748989188 -0.864854237  0.051009298  0.499424869 18.802869839
0.464191077 -0.006378909  0.885712117 12.569451773  0.048621061  0.998649833 -0.018289425 -0.652072892 -0.884399591  0.051554051  0.463874491 19.307700869
0.428097704 -0.012648724  0.903643938 13.335187392  0.053072447  0.998528235 -0.011165996 -0.553683863 -0.90217275   0.052738733  0.428138943 19.790025177
0.39281553  -0.008662903  0.919576486 14.130916378  0.055137644  0.998378524 -0.014147889 -0.648698466 -0.917962853  0.056260791  0.392656241 20.254210599
0.36099104  -0.012462145  0.932486013 14.816624691  0.057036321  0.998333863 -0.008738168 -0.545015059 -0.930823467  0.056339972  0.361100375 20.761007026
0.327902796 -0.013057635  0.944621223 15.592985389  0.057523532  0.998325097 -0.006167935 -0.494293969 -0.942958536  0.056360433  0.328104712 21.226110512
0.297231575 -0.016858275  0.954656582 16.348367148  0.060345948  0.998176846 -0.001161864 -0.438552066 -0.952896509  0.057954999  0.297707005 21.712360753
0.265529698 -0.0125938    0.964020423 17.085933666  0.062426402  0.998040915 -0.004156484 -0.540681983 -0.962079479  0.061283997  0.265795689 22.155117799
0.236002319 -0.011887825  0.971679775 17.808332607  0.06379697   0.997957489 -0.003285742 -0.557782089 -0.969656048  0.062765668  0.236278689 22.621758291
0.206662229 -0.013822833  0.9783147   18.516156808  0.065303298  0.997865415  0.000304199 -0.512131498 -0.976230609  0.06382431   0.207123768 23.078139457
0.176228735 -0.013228722  0.984260349 19.269245483  0.066042715  0.997815536  0.001586166 -0.485714645 -0.98213125   0.064723698  0.17671743  23.492059428
0.144484135 -0.007466151  0.989478949 19.992874085  0.065275251  0.997865288 -0.002002089 -0.544073467 -0.987351749  0.064877757  0.144663058 23.853665882
0.129816067 -0.009391662  0.991493613 21.286997146  0.068988894  0.997617341  0.000416965 -0.627130793 -0.989135138  0.068347919  0.13015468  23.876531361
0.097320129 -0.006470981  0.995232093 21.496855765  0.07319023   0.997317772 -0.000672464 -0.719431459 -0.992558302  0.07290671   0.097532706 23.988639484
0.070237982 -0.008254423  0.99749611  22.140378227  0.07467958   0.997203088  0.002993488 -0.669695176 -0.994730912  0.074282334  0.070657969 24.399294339
0.0448605   -0.009876534  0.998944438 22.741764312  0.075875037  0.997096467  0.006450875 -0.623414426 -0.996107682  0.075505557  0.045479628 24.832313803
0.021107202 -0.01331743   0.999688518 23.193150136  0.076935254  0.996967946  0.011656794 -0.496689446 -0.996812647  0.076665248  0.022067783 25.283524049
-0.00004296  -0.012789778  0.999918207 23.664676296  0.077318007  0.996924892  0.012754813 -0.462899699 -0.997006481  0.077312231  0.000946052 25.785832271
-0.017194163 -0.016772938  0.999711473 24.071224752  0.077365228  0.996839318  0.018055364 -0.359808855 -0.996854544  0.077653353 -0.015842175 26.384232929
-0.030138325 -0.019204985  0.999361221 24.478620492  0.076124098  0.996867544  0.021452782 -0.265517776 -0.996642766  0.076722022 -0.028581956 27.073377908
-0.041937434 -0.021206774  0.998895152 24.818101253  0.075125912  0.996877491  0.024318012 -0.180225896 -0.996291799  0.076062745 -0.040213306 27.786898094
-0.055721317 -0.020843461  0.998228774 25.198078757  0.075836275  0.996805653  0.025046941 -0.189704173 -0.99556215   0.0770976   -0.053962634 28.44193482
-0.065701322 -0.021186673  0.997614385 25.505584571  0.078953698  0.996529621  0.026363402 -0.253134213 -0.994710837  0.080497455 -0.063800548 29.189003737
-0.075483533 -0.021977394  0.996904825 25.825201317  0.082377219  0.996202184  0.028199333 -0.326110788 -0.993738512  0.084250833 -0.073386424 29.938234173
-0.085192765 -0.022682424  0.99610627  26.11726468   0.084368842  0.995986026  0.029895397 -0.356353255 -0.992786025  0.086587204 -0.082937113 30.686978999
-0.093296828 -0.022786092  0.995377564 26.328885921  0.085797508  0.995835218  0.030838377 -0.378727365 -0.99193472   0.088278037 -0.090953277 31.473295497
-0.099500177 -0.024422256  0.994737789 26.495054145  0.085410476  0.995799479  0.032991636 -0.342150486 -0.991365102  0.088243702 -0.096996307 32.31236202
-0.104320035 -0.026226745  0.994197912 26.661254588  0.086981613  0.995581106  0.035390113 -0.338207074 -0.990732824  0.090168836 -0.101577811 33.187557535
-0.108919847 -0.025636449  0.9937199   26.813814427  0.089172738  0.995384988  0.035453469 -0.413414691 -0.990042772  0.092474311 -0.106131108 34.062148449
-0.114017106 -0.026695117  0.993120068 26.9889465    0.08996003   0.995254855  0.037080539 -0.403805159 -0.989397439  0.093568927 -0.111074584 34.926935351
-0.116321398 -0.026570783  0.992856146 27.089121941  0.089087122  0.9953336    0.037074386 -0.374021105 -0.989208177  0.092763241 -0.113411481 35.864353242
-0.117930484 -0.032924303  0.99247589  27.132537149  0.086088372  0.995348339  0.043249004 -0.131123711 -0.989283171  0.090541009 -0.114547511 36.836263084
-0.119996102 -0.032877405  0.992229818 27.224549999  0.085101008  0.995432102  0.043275271 -0.089790151 -0.989120192  0.089632621 -0.116650071 37.779843641
-0.123722085 -0.038204615  0.991581188 27.352235885  0.085111681  0.995167667  0.048962398  0.031397827 -0.988660127  0.090452872 -0.11987256  38.690253588
-0.124558308 -0.040542612  0.991383641 27.394052439  0.084879711  0.995066748  0.051357594  0.096931005 -0.988575067  0.090545372 -0.120502585 39.672624249
-0.12476251  -0.04482674   0.991173486 27.395805816  0.085841556  0.994745353  0.055793461  0.159370311 -0.988466258  0.092044807 -0.12025893  40.67725447
-0.124088868 -0.048082668  0.991105448 27.370098439  0.085720931  0.994571713  0.058983305  0.230363296 -0.988561518  0.092277654 -0.119293587 41.703422715
-0.124209691 -0.046458036  0.991167798 27.392658403  0.087132508  0.994533888  0.057534953  0.130352149 -0.988422925  0.093509334 -0.119482741 42.69637393
-0.122961589 -0.049421863  0.991180068 27.324567558  0.086638898  0.994411317  0.060331032  0.211331656 -0.988622349  0.093293149 -0.11799254  43.737710654
-0.120377926 -0.051527346  0.991389978 27.233057207  0.085582446  0.994395448  0.062075265  0.294793374 -0.989032254  0.092318071 -0.115293425 44.812673673
-0.119159335 -0.056482182  0.991267278 27.155429552  0.085482586  0.994089836  0.066918794  0.393638848 -0.989188445  0.092710089 -0.113626841 45.85764586
-0.116434919 -0.063025287  0.991196612 26.981652428  0.085487738  0.993644917  0.073223126  0.539633551 -0.989512383  0.093260885 -0.110307076 46.946993449
-0.114807759 -0.071092491  0.99084057  26.885100903  0.085191855  0.993056631  0.081122592  0.701925559 -0.989728006  0.093725049 -0.107954105 48.009625259
-0.112961183 -0.074012764  0.990838979 26.805202436  0.084712682  0.992873385  0.083822448  0.784705997 -0.989981582  0.09340531  -0.105886332 49.065608701
-0.115299385 -0.076933421  0.990347061 26.828429375  0.083090322  0.992755145  0.086794131  0.93501377  -0.989849509  0.092295566 -0.108071635 50.00525784
-0.11590004  -0.082111539  0.989861039 26.793683926  0.080273503  0.992542806  0.091732996  1.173661532 -0.990011791  0.090091471 -0.10844437  50.997380439
-0.116014554 -0.085226052  0.989584329 26.763637816  0.080731402  0.992206282  0.094916461  1.210561141 -0.989961143  0.090902221 -0.10822995  52.001884871
-0.115475534 -0.091093951  0.989124508 26.714850497  0.081710543  0.99153997   0.100855717  1.268006958 -0.989943831  0.092468268 -0.107055272 53.031156506
-0.115834725 -0.094791938  0.988734952 26.63487066   0.081738382  0.991149731  0.104599464  1.346645044 -0.989899567  0.092933845 -0.107061417 54.027255845
-0.116621036 -0.097999006  0.988329767 26.605358965  0.080965694  0.990869675  0.107804652  1.415649188 -0.989870744  0.092593096 -0.107621691 55.010516265
-0.118071165 -0.099818278  0.987975461 26.579570525  0.079684986  0.990773878  0.10962402   1.505747637 -0.98980276   0.091670246 -0.109027808 55.969450924
-0.118544762 -0.103352444  0.98755527  26.597222585  0.079026441  0.99043134   0.113139662  1.598350485 -0.98979895   0.091455093 -0.109242872 56.963797503
-0.119963087 -0.102800739  0.987441576 26.676428586  0.079086532  0.990473874  0.112724554  1.585579723 -0.989623251  0.091616115 -0.110690149 57.924727572
-0.120926784 -0.104365523  0.98715984  26.717026024  0.079388071  0.99025557   0.114417828  1.588075649 -0.989481807  0.092204896 -0.111463044 58.902985149
-0.119642242 -0.105498681  0.987195909 26.653594516  0.07938786   0.990137602  0.115434385  1.584488719 -0.989637965  0.0921822   -0.110086968 59.939519517
-0.122826881 -0.107321132  0.986608196 26.714885007  0.080008911  0.989828905  0.11763211   1.622200958 -0.989197721  0.093385833 -0.112990951 60.851875806
-0.125839245 -0.106301252  0.986338952 26.865038269  0.080090638  0.989908542  0.116904095  1.581021894 -0.988812406  0.093707639 -0.116055608 61.767563275
-0.127455933 -0.109218221  0.985812541 26.827794289  0.078658739  0.989675167  0.119815968  1.728258984 -0.988720278  0.092814027 -0.117549004 62.72150558
-0.129305015 -0.110215617  0.985460669 26.914128674  0.078313588  0.989564549  0.120950344  1.767386597 -0.988507559  0.092814447 -0.119324279 63.673111105
-0.130894445 -0.105353387  0.985782587 27.049417979  0.078410404  0.990122564  0.116228724  1.673059104 -0.988290672  0.092509305 -0.121340742 64.618710093
-0.13333123  -0.105285932  0.985463168 27.185968979  0.079583595  0.989992674  0.116537364  1.595497982 -0.987871062  0.093964772 -0.123617908 65.553896655
-0.138056731 -0.104624383  0.984882774 27.454199651  0.080296931  0.989949085  0.116418265  1.525787897 -0.987163989  0.09515539  -0.128268117 66.422418964
-0.142227615 -0.105767348  0.984166944 27.731863093  0.080955757  0.989700793  0.118061446  1.497633417 -0.986517851  0.096465578 -0.132200308 67.310554874
-0.148985566 -0.102454075  0.983517394 28.158190756  0.081089095  0.990002201  0.115413174  1.435654546 -0.985508934  0.096947432 -0.13918813  68.110948073
-0.127241452 -0.09919702   0.986898964 27.423122356  0.089751813  0.989753127  0.111055656  0.799866436 -0.987802726  0.102706854 -0.117034512 68.035072191
-0.133874668 -0.097106726  0.98622911  27.842704581  0.091762326  0.989697277  0.109904394  0.638888503 -0.98674072   0.105212091 -0.123584655 68.845953906
-0.139666153 -0.095757949  0.985557599 28.247351358  0.093873129  0.989549788  0.109448861  0.477696707 -0.985738911  0.107803677 -0.129217514 69.680473308
