1. 0. 0. 0. 0. 1. 0. 0. 0. 0. 1. 0.
1.004581373 0. 0. -0.035929167 0. 1.004593778 0. -0.637156365 0. 0. 1.000032974 0.230966503
1.008130279 0. 0. -0.06476061 0. 1.008189564 0. -1.221575894 0. 0. 1.000079978 0.441247605
1.010862354 0. 0. -0.066938877 0. 1.010941864 0. -1.812047167 0. 0. 1.000065092 0.651990552
1.009820641 0. 0. -0.075945644 0. 1.009948194 0. -2.4667904 0. 0. 1.000045538 0.884180969
1.005772373 0. 0. -0.115864221 0. 1.00588082 0. -3.063867706 0. 0. 1.000061512 1.094963667
1.001192204 0. 0. -0.15678627 0. 1.001246576 0. -3.665477724 0. 0. 1.000030905 1.306639402
0.994729731 0. 0. -0.184614242 0. 0.994678914 0. -4.32824669 0. 0. 0.999957813 1.539586862
0.988487137 0. 0. -0.207351432 0. 0.988320404 0. -4.934204347 0. 0. 0.999845266 1.752606841
0.981635016 0. 0. -0.234543057 0. 0.981343293 0. -5.540529283 0. 0. 0.999714228 1.966203668
0.973827824 0. 0. -0.252140517 0. 0.973580676 0. -6.19162392 0. 0. 0.999724534 2.203690839
0.969457988 0. 0. -0.270961722 0. 0.969047861 0. -6.78458487 0. 0. 0.999553059 2.419987069
0.96753786 0. 0. -0.30111481 0. 0.966842687 0. -7.392295325 0. 0. 0.99928377 2.636579675
0.968678019 0. 0. -0.331610547 0. 0.967904209 0. -8.050415215 0. 0. 0.999183239 2.877059278
0.969534111 0. 0. -0.348938783 0. 0.968585084 0. -8.653438674 0. 0. 0.999002906 3.096626911
0.968268379 0. 0. -0.38751124 0. 0.967266347 0. -9.266046551 0. 0. 0.998972782 3.317573277
0.972100849 0. 0. -0.433279321 0. 0.970948623 0. -9.934796499 0. 0. 0.99883726 3.561448865
0.974202808 0. 0. -0.455306739 0. 0.973016838 0. -10.55135757 0. 0. 0.998802871 3.785167104
0.976981389 0. 0. -0.466932321 0. 0.975986979 0. -11.154380277 0. 0. 0.998984999 4.010209678
0.980628075 0. 0. -0.484750055 0. 0.979837304 0. -11.810587889 0. 0. 0.999200739 4.25902111
0.98238949 0. 0. -0.519577851 0. 0.981622575 0. -12.419073916 0. 0. 0.99923104 4.484679006
0.984609977 0. 0. -0.559398529 0. 0.983856637 0. -13.102854026 0. 0. 0.999161072 4.734641803
0.986506846 0. 0. -0.558248208 0. 0.98585795 0. -13.725943366 0. 0. 0.999289313 4.962698035
0.98682434 0. 0. -0.534654396 0. 0.986358405 0. -14.346846418 0. 0. 0.999549217 5.192340944
0.986951972 0. 0. -0.523689636 0. 0.986701229 0. -15.035550384 0. 0. 0.999611587 5.446443962
0.987179459 0. 0. -0.552007106 0. 0.987021039 0. -15.668608724 0. 0. 0.999584842 5.676501249
0.989104377 0. 0. -0.621124251 0. 0.988837568 0. -16.305264888 0. 0. 0.999647077 5.907025419
0.989800493 0. 0. -0.691905688 0. 0.989406332 0. -17.015927877 0. 0. 0.999624188 6.159008818
0.989795619 0. 0. -0.728079605 0. 0.989284001 0. -17.670185393 0. 0. 0.999458696 6.38907136
0.988732922 0. 0. -0.718044892 0. 0.988073796 0. -18.325721924 0. 0. 0.999332101 6.618322978
0.988326423 0. 0. -0.695014002 0. 0.987497146 0. -19.052165136 0. 0. 0.999170784 6.871067685
0.987629608 0. 0. -0.69002112 0. 0.986884702 0. -19.705392406 0. 0. 0.999179584 7.09971485
0.988762813 0. 0. -0.714031007 0. 0.987922351 0. -20.352687821 0. 0. 0.999073452 7.327735818
0.988018636 0. 0. -0.765354892 0. 0.98719014 0. -21.069566563 0. 0. 0.999166074 7.578097093
0.990523542 0. 0. -0.799007892 0. 0.989737046 0. -21.705818379 0. 0. 0.999228141 7.803977442
0.989250358 0. 0. -0.823066728 0. 0.988580983 0. -22.349868547 0. 0. 0.999344025 8.031081342
0.990619984 0. 0. -0.817657773 0. 0.989968619 0. -23.055907246 0. 0. 0.999276037 8.27933905
0.989385947 0. 0. -0.83728665 0. 0.988804146 0. -23.70314293 0. 0. 0.999299677 8.504933813
0.990174517 0. 0. -0.881194638 0. 0.989648978 0. -24.336317056 0. 0. 0.999421277 8.728244354
0.989751523 0. 0. -0.945245476 0. 0.989261782 0. -25.037880277 0. 0. 0.9995273 8.973087173
0.990287977 0. 0. -0.97113993 0. 0.989824363 0. -25.671552691 0. 0. 0.999546601 9.195097908
0.989861564 0. 0. -0.973489521 0. 0.989459904 0. -26.358224503 0. 0. 0.999616721 9.439560295
0.989561512 0. 0. -0.967713442 0. 0.989272088 0. -26.95153046 0. 0. 0.999703325 9.660159449
0.98902781 0. 0. -0.978971901 0. 0.988756872 0. -27.550490235 0. 0. 0.999679329 9.880203992
0.987109632 0. 0. -1.005404803 0. 0.986804973 0. -28.219229361 0. 0. 0.999629067 10.122365767
0.984394581 0. 0. -1.044882832 0. 0.984080294 0. -28.885112451 0. 0. 0.999659269 10.363362592
0.983760341 0. 0. -1.073200302 0. 0.983346028 0. -29.430831172 0. 0. 0.99957149 10.559438222
0.980773014 0. 0. -1.106828827 0. 0.980344555 0. -30.100556184 0. 0. 0.999566869 10.79766609
0.982814033 0. 0. -1.123202542 0. 0.982484323 0. -30.684135039 0. 0. 0.99966395 11.015411888
0.986756838 0. 0. -1.149219371 0. 0.986404339 0. -31.251663438 0. 0. 0.999626333 11.232414998
0.989660935 0. 0. -1.164932262 0. 0.989239811 0. -31.893912737 0. 0. 0.99945676 11.470579005
0.99377125 0. 0. -1.185148537 0. 0.993302457 0. -32.491486398 0. 0. 0.999327006 11.686073083
0.998357055 0. 0. -1.234759179 0. 0.997885222 0. -33.085242771 0. 0. 0.999448283 11.900823439
1.001496179 0. 0. -1.318928392 0. 1.000996979 0. -33.741916918 0. 0. 0.999507001 12.136460646
1.003733378 0. 0. -1.359532267 0. 1.003258878 0. -34.349992571 0. 0. 0.999454878 12.349318167
1.006508933 0. 0. -1.347612986 0. 1.006098083 0. -34.927676278 0. 0. 0.999592784 12.564151255
1.007237352 0. 0. -1.319882914 0. 1.006937912 0. -35.553543984 0. 0. 0.999692521 12.798647143
1.004031019 0. 0. -1.327421186 0. 1.003796395 0. -36.113105027 0. 0. 0.999710253 13.010897934
1.000534908 0. 0. -1.36951803 0. 1.000316659 0. -36.749762294 0. 0. 0.999766606 13.241868435
0.996291176 0. 0. -1.409656881 0. 0.996089809 0. -37.323503776 0. 0. 0.999788544 13.453402033
0.98973411 0. 0. -1.427180916 0. 0.989496424 0. -37.904787521 0. 0. 0.999709802 13.662395768
0.97803548 0. 0. -1.451190803 0. 0.97782197 0. -38.540884648 0. 0. 0.999690813 13.893112774
0.964875549 0. 0. -1.492088376 0. 0.964699916 0. -39.110489343 0. 0. 0.999761106 14.102419232
0.950757993 0. 0. -1.542164041 0. 0.950456662 0. -39.671243216 0. 0. 0.999682238 14.31026665
0.931031429 0. 0. -1.584579059 0. 0.930722941 0. -40.272161671 0. 0. 0.999679699 14.538346949
0.915728745 0. 0. -1.603375789 0. 0.915334492 0. -40.808560671 0. 0. 0.999580237 14.74605025
0.896583656 0. 0. -1.618305484 0. 0.896169657 0. -41.387009733 0. 0. 0.99953271 14.974296408
0.879106418 0. 0. -1.65048999 0. 0.878718482 0. -41.893514374 0. 0. 0.999548869 15.180550209
0.86340846 0. 0. -1.67736344 0. 0.863026623 0. -42.384600615 0. 0. 0.999464753 15.387757199
0.845894417 0. 0. -1.697383916 0. 0.845602901 0. -42.870373525 0. 0. 0.99938244 15.595376049
0.827010732 0. 0. -1.737987791 0. 0.82678819 0. -43.384627189 0. 0. 0.999275381 15.824293726
0.809069596 0. 0. -1.818632617 0. 0.80888393 0. -43.80505666 0. 0. 0.999511511 16.030718616
0.790402556 0. 0. -1.897857899 0. 0.790180216 0. -44.159884946 0. 0. 0.999651792 16.237156532
0.765992683 0. 0. -1.962887733 0. 0.765757434 0. -44.535160375 0. 0. 0.999700832 16.464866308
0.740988212 0. 0. -2.00295316 0. 0.740699249 0. -44.879169716 0. 0. 0.999627324 16.669454561
0.714184776 0. 0. -2.006281748 0. 0.713895008 0. -45.198648496 0. 0. 0.999568945 16.876166574
0.679793448 0. 0. -2.024417655 0. 0.679440713 0. -45.550520127 0. 0. 0.999379562 17.102289826
0.641596812 0. 0. -2.060640521 0. 0.6411872 0. -45.847935181 0. 0. 0.999235548 17.310047081
0.600832858 0. 0. -2.100608048 0. 0.600412217 0. -46.11977993 0. 0. 0.999170354 17.51623603
0.558489584 0. 0. -2.152519331 0. 0.558101347 0. -46.377209836 0. 0. 0.999181517 17.744748873
0.522158506 0. 0. -2.203892166 0. 0.521892022 0. -46.572208744 0. 0. 0.999398857 17.951738194
0.493896966 0. 0. -2.253723082 0. 0.493695591 0. -46.733999321 0. 0. 0.999553828 18.159223043
0.469415766 0. 0. -2.311385968 0. 0.469268206 0. -46.890331656 0. 0. 0.999686182 18.389367259
0.452955935 0. 0. -2.354779982 0. 0.452835967 0. -47.021205891 0. 0. 0.999738029 18.598373746
0.439177506 0. 0. -2.380429687 0. 0.439037477 0. -47.149158813 0. 0. 0.999666167 18.80968629
0.423867835 0. 0. -2.407131814 0. 0.423701175 0. -47.285454937 0. 0. 0.99958812 19.039924406
0.411926434 0. 0. -2.445410572 0. 0.411706707 0. -47.403400335 0. 0. 0.99945587 19.251945752
0.402177334 0. 0. -2.49445829 0. 0.401907325 0. -47.523504282 0. 0. 0.999320495 19.484966508
0.396007715 0. 0. -2.526887545 0. 0.395778603 0. -47.615061884 0. 0. 0.999376337 19.700794634
0.390749571 0. 0. -2.561641917 0. 0.390519736 0. -47.703822031 0. 0. 0.99932426 19.915736833
0.384930961 0. 0. -2.612892377 0. 0.384615772 0. -47.808285866 0. 0. 0.999088685 20.153811525
0.381175115 0. 0. -2.664926034 0. 0.380833127 0. -47.897782351 0. 0. 0.999022177 20.372015405
0.378093354 0. 0. -2.720704353 0. 0.377767992 0. -47.975884581 0. 0. 0.999067167 20.590978906
0.374212115 0. 0. -2.779370711 0. 0.373828707 0. -48.071189321 0. 0. 0.998897448 20.836412037
0.370572232 0. 0. -2.831281993 0. 0.370151044 0. -48.159289849 0. 0. 0.99879546 21.059154937
0.369562506 0. 0. -2.888553281 0. 0.369203497 0. -48.22465143 0. 0. 0.998979801 21.284538568
0.367790773 0. 0. -2.946473154 0. 0.367431512 0. -48.300417152 0. 0. 0.998991854 21.523474491
0.36601845 0. 0. -3.004393028 0. 0.365659399 0. -48.376183053 0. 0. 0.999002684 21.762410658
0.365714212 0. 0. -3.042696261 0. 0.365442594 0. -48.438428635 0. 0. 0.999180633 21.992926454
0.368140705 0. 0. -3.095464165 0. 0.367936923 0. -48.442531765 0. 0. 0.999342605 22.248335565
0.370899233 0. 0. -3.145760104 0. 0.370713003 0. -48.34444013 0. 0. 0.999389136 22.482276968
0.374048369 0. 0. -3.19679029 0. 0.373855559 0. -48.271576635 0. 0. 0.999365712 22.71740777
0.376999368 0. 0. -3.253204956 0. 0.37686762 0. -48.182436858 0. 0. 0.999503472 22.978038772
0.379188754 0. 0. -3.308616151 0. 0.379072998 0. -48.14837713 0. 0. 0.999536434 23.21394268
0.381032186 0. 0. -3.369118127 0. 0.380907925 0. -48.117340771 0. 0. 0.999511756 23.473757292
0.386634536 0. 0. -3.421518908 0. 0.386503172 0. -48.117313791 0. 0. 0.99948467 23.709466966
0.392499105 0. 0. -3.47766435 0. 0.392369557 0. -48.110307645 0. 0. 0.999509574 23.94767923
0.398755664 0. 0. -3.538313176 0. 0.398585138 0. -48.156232864 0. 0. 0.999388069 24.207581256
0.402222847 0. 0. -3.597787206 0. 0.40207319 0. -48.187578804 0. 0. 0.999434735 24.444204629
0.405889742 0. 0. -3.651191458 0. 0.405733609 0. -48.24417095 0. 0. 0.999396426 24.680017717
0.404180176 0. 0. -3.725497283 0. 0.403998888 0. -48.310858067 0. 0. 0.999406909 24.939785346
0.402918958 0. 0. -3.787516703 0. 0.402778004 0. -48.36962517 0. 0. 0.999531921 25.176830245
0.399994511 0. 0. -3.844739041 0. 0.39989168 0. -48.428140627 0. 0. 0.999642051 25.414210603
0.396504336 0. 0. -3.897629321 0. 0.39644281 0. -48.487412422 0. 0. 0.999671418 25.675653559
0.39300775 0. 0. -3.946897313 0. 0.392968082 0. -48.55213153 0. 0. 0.99965401 25.9139381
0.388820332 0. 0. -4.002112709 0. 0.388783261 0. -48.556874393 0. 0. 0.999605668 26.152947681
0.385545672 0. 0. -4.070544556 0. 0.385470853 0. -48.557753351 0. 0. 0.999499188 26.412702616
0.382568132 0. 0. -4.140126723 0. 0.38248513 0. -48.529127338 0. 0. 0.999542051 26.651390993
0.381745984 0. 0. -4.207359299 0. 0.381681305 0. -48.527887251 0. 0. 0.999637019 26.887702651
0.380842576 0. 0. -4.281077726 0. 0.38079565 0. -48.524047498 0. 0. 0.999739162 27.14665283
0.383090618 0. 0. -4.334359604 0. 0.383064978 0. -48.537802283 0. 0. 0.999759617 27.383017482
0.386980303 0. 0. -4.386050613 0. 0.386984601 0. -48.561341168 0. 0. 0.999795769 27.617875061
0.39280808 0. 0. -4.444423271 0. 0.392805066 0. -48.467331108 0. 0. 0.999784157 27.878803356
0.396417834 0. 0. -4.507641962 0. 0.396346674 0. -48.416803811 0. 0. 0.99966032 28.113411469
0.400467112 0. 0. -4.5650601 0. 0.400316857 0. -48.357283376 0. 0. 0.999468185 28.3504521
0.404410618 0. 0. -4.620226546 0. 0.404212457 0. -48.362466543 0. 0. 0.999293381 28.608120853
0.406838514 0. 0. -4.668295268 0. 0.406571978 0. -48.345759246 0. 0. 0.999144651 28.844633942
0.407982526 0. 0. -4.7338146 0. 0.407681162 0. -48.375303883 0. 0. 0.999132304 29.077988208
0.410322219 0. 0. -4.811302163 0. 0.409947939 0. -48.394703399 0. 0. 0.999057958 29.33465713
0.409907505 0. 0. -4.860961754 0. 0.409569896 0. -48.364776696 0. 0. 0.9991721 29.569128383
0.406950461 0. 0. -4.895471377 0. 0.406691299 0. -48.31227574 0. 0. 0.999306461 29.803734736
0.400378225 0. 0. -4.928120906 0. 0.400207156 0. -48.249427502 0. 0. 0.999290153 30.06504643
0.393344386 0. 0. -4.974500859 0. 0.39325999 0. -48.228631056 0. 0. 0.999180515 30.301171333
0.38595726 0. 0. -5.059110621 0. 0.385950763 0. -48.18661132 0. 0. 0.999251937 30.560718049
0.37560913 0. 0. -5.159751448 0. 0.375594847 0. -48.170211294 0. 0. 0.999350012 30.795488051
0.359609023 0. 0. -5.270720687 0. 0.359578989 0. -48.116264886 0. 0. 0.999547294 31.032380879
0.342492034 0. 0. -5.374616678 0. 0.342448623 0. -48.04188832 0. 0. 0.999633081 31.293369381
0.325897399 0. 0. -5.448384055 0. 0.325871133 0. -47.93841317 0. 0. 0.999680621 31.531944757
0.311555864 0. 0. -5.510403475 0. 0.311548758 0. -47.860587414 0. 0. 0.999647953 31.769927349
0.297767221 0. 0. -5.590167205 0. 0.297785142 0. -47.753870429 0. 0. 0.999741118 32.033535012
0.290385512 0. 0. -5.66836454 0. 0.290397597 0. -47.66802866 0. 0. 0.999806632 32.27350444
0.284307406 0. 0. -5.74957229 0. 0.284300614 0. -47.587416377 0. 0. 0.999817989 32.513295924
0.278888393 0. 0. -5.822580944 0. 0.278888724 0. -47.483803414 0. 0. 0.999844618 32.777524987
0.272876438 0. 0. -5.878506112 0. 0.272878357 0. -47.401249122 0. 0. 0.999822261 33.019033934
0.265169246 0. 0. -5.940623432 0. 0.265166791 0. -47.316213943 0. 0. 0.999799827 33.260416351
0.257737442 0. 0. -6.007953908 0. 0.257735447 0. -47.227501341 0. 0. 0.999785271 33.525215984
0.252253431 0. 0. -6.067966386 0. 0.252243073 0. -47.135835031 0. 0. 0.999748979 33.765717274
0.246216078 0. 0. -6.140632392 0. 0.246168072 0. -47.056774887 0. 0. 0.999675361 34.005566882
0.241874972 0. 0. -6.206812547 0. 0.241799857 0. -46.920967618 0. 0. 0.999605802 34.268594508
0.240022548 0. 0. -6.260388124 0. 0.239953442 0. -46.779831837 0. 0. 0.999625512 34.50756344
0.239493957 0. 0. -6.30175072 0. 0.239402466 0. -46.652171413 0. 0. 0.999524868 34.746581614
0.24266718 0. 0. -6.364749137 0. 0.242563405 0. -46.507748674 0. 0. 0.999506378 35.010430205
0.252727224 0. 0. -6.401265702 0. 0.252611639 0. -46.390057958 0. 0. 0.999362347 35.247637283
0.263302505 0. 0. -6.445687663 0. 0.263211511 0. -46.274527431 0. 0. 0.999319103 35.485128847
0.279070756 0. 0. -6.518818692 0. 0.278986069 0. -46.17922214 0. 0. 0.999404244 35.74487647
0.295365498 0. 0. -6.605459871 0. 0.295229309 0. -46.050280806 0. 0. 0.999392437 35.978857113
0.314394394 0. 0. -6.674674915 0. 0.314236271 0. -45.924401298 0. 0. 0.999395948 36.212755819
0.338317394 0. 0. -6.730379809 0. 0.338166206 0. -45.792418048 0. 0. 0.999446929 36.470001068
0.359541221 0. 0. -6.777689809 0. 0.359421897 0. -45.722256647 0. 0. 0.999524528 36.701714476
0.384813443 0. 0. -6.837310688 0. 0.384703441 0. -45.666112736 0. 0. 0.999540501 36.957040305
0.408499227 0. 0. -6.897763714 0. 0.408383733 0. -45.65713215 0. 0. 0.99956328 37.188374484
0.434216692 0. 0. -6.959195737 0. 0.434128898 0. -45.672051788 0. 0. 0.999637044 37.418126031
0.461653626 0. 0. -7.026085664 0. 0.461603108 0. -45.714580015 0. 0. 0.999649753 37.670211098
0.4865888 0. 0. -7.084507273 0. 0.486591072 0. -45.785521329 0. 0. 0.999662973 37.900027038
0.512336964 0. 0. -7.148239937 0. 0.512345546 0. -45.880893607 0. 0. 0.999575286 38.129129347
0.539202241 0. 0. -7.231430154 0. 0.539173749 0. -46.036499096 0. 0. 0.999556988 38.379022769
0.563143288 0. 0. -7.317067862 0. 0.563064097 0. -46.192108442 0. 0. 0.999629102 38.605813132
0.584907482 0. 0. -7.406352331 0. 0.584776648 0. -46.363377788 0. 0. 0.999692787 38.832036633
0.60936468 0. 0. -7.484060169 0. 0.609227202 0. -46.563334764 0. 0. 0.999741849 39.081407729
0.632218549 0. 0. -7.535433003 0. 0.632125269 0. -46.770780511 0. 0. 0.999795676 39.30862854
0.653913126 0. 0. -7.583648575 0. 0.65391767 0. -46.995018507 0. 0. 0.999893624 39.534462044
0.676414109 0. 0. -7.639328994 0. 0.676502375 0. -47.266043436 0. 0. 0.99991909 39.782690512
0.696891094 0. 0. -7.699414896 0. 0.697016297 0. -47.541773593 0. 0. 0.999927019 40.009086763
0.715961199 0. 0. -7.766892221 0. 0.716068037 0. -47.834931725 0. 0. 0.999975899 40.233801894
0.737321339 0. 0. -7.84829577 0. 0.737350915 0. -48.193064453 0. 0. 0.999984088 40.479594699
0.754964607 0. 0. -7.919077208 0. 0.754946647 0. -48.531602183 0. 0. 0.999970935 40.704479285
0.774914859 0. 0. -7.966999081 0. 0.774911616 0. -48.924673907 0. 0. 0.999964638 40.949212831
0.790834175 0. 0. -8.001239479 0. 0.790855172 0. -49.30125639 0. 0. 0.999871845 41.172431815
0.806852104 0. 0. -8.040888832 0. 0.807010559 0. -49.693456253 0. 0. 0.999757423 41.393560263
0.825958165 0. 0. -8.104597021 0. 0.826301968 0. -50.130818038 0. 0. 0.99963288 41.637671174
0.841973027 0. 0. -8.200098118 0. 0.842383727 0. -50.546815174 0. 0. 0.999625004 41.859282649
0.858765653 0. 0. -8.306784248 0. 0.859061569 0. -50.990783393 0. 0. 0.999744121 42.078154379
0.874626712 0. 0. -8.430847563 0. 0.874776092 0. -51.492388394 0. 0. 0.999979287 42.317939503
0.887991717 0. 0. -8.536799446 0. 0.888030125 0. -51.964763504 0. 0. 1.000048951 42.534449111
0.899408038 0. 0. -8.603248825 0. 0.899402068 0. -52.456786972 0. 0. 1.000015915 42.751659619
0.91521699 0. 0. -8.625374143 0. 0.91520692 0. -53.000135502 0. 0. 0.999976604 42.991492686
0.930462522 0. 0. -8.645003021 0. 0.930475301 0. -53.508431915 0. 0. 0.999844555 43.208416366
0.945121809 0. 0. -8.690624252 0. 0.945246003 0. -54.012020928 0. 0. 0.999890073 43.423979323
0.964679785 0. 0. -8.766374096 0. 0.964811916 0. -54.541995673 0. 0. 1.00001038 43.658839881
0.981071797 0. 0. -8.847239197 0. 0.981100939 0. -55.066693594 0. 0. 1.000026112 43.871063679
1.000424063 0. 0. -8.907618798 0. 1.00037293 0. -55.608326056 0. 0. 0.999967943 44.083117904
1.022045401 0. 0. -8.947488426 0. 1.022100193 0. -56.19965991 0. 0. 1.000060668 44.314201262
1.039970955 0. 0. -8.969026346 0. 1.040102294 0. -56.762323001 0. 0. 1.000062896 44.524100126
1.055478411 0. 0. -9.00703588 0. 1.055629943 0. -57.349674992 0. 0. 1.000021341 44.732539265
1.075266766 0. 0. -9.068027355 0. 1.075431013 0. -57.988973158 0. 0. 1.000054143 44.959892726
1.094044033 0. 0. -9.133057189 0. 1.094198938 0. -58.561506792 0. 0. 1.000087339 45.167496213
1.110527883 0. 0. -9.193338891 0. 1.1106911 0. -59.169905597 0. 0. 1.000102422 45.374088717
1.128945524 0. 0. -9.245372548 0. 1.129126372 0. -59.854866152 0. 0. 1.000066596 45.600367996
1.143225697 0. 0. -9.291311953 0. 1.143416086 0. -60.502945246 0. 0. 1.000069114 45.804556786
1.156952619 0. 0. -9.345156754 0. 1.157094046 0. -61.166900849 0. 0. 1.000045593 46.007749272
1.168279459 0. 0. -9.422105869 0. 1.168374518 0. -61.907648742 0. 0. 1.00005895 46.230754163
1.18462499 0. 0. -9.48806575 0. 1.184724439 0. -62.795644704 0. 0. 1.000061599 46.494625381
1.192293016 0. 0. -9.521425051 0. 1.192380789 0. -63.282604119 0. 0. 1.000058669 46.636805227
1.205061741 0. 0. -9.580752231 0. 1.205161254 0. -64.057107767 0. 0. 1.000093397 46.858008741
1.216456388 0. 0. -9.637093473 0. 1.216496126 0. -64.779900996 0. 0. 1.0000517 47.060111088
1.224232429 0. 0. -9.679410591 0. 1.224192135 0. -65.611744535 0. 0. 0.999966896 47.283303604
1.23158034 0. 0. -9.703861026 0. 1.231551612 0. -66.369020736 0. 0. 0.999910879 47.486187505
1.237230389 0. 0. -9.753667466 0. 1.237170615 0. -67.131814914 0. 0. 0.999839369 47.689812405
1.241012378 0. 0. -9.830127083 0. 1.240919828 0. -67.988787665 0. 0. 0.999852344 47.914435292
1.246005149 0. 0. -9.896649887 0. 1.245888946 0. -68.78452096 0. 0. 0.999854832 48.11843294
1.249590867 0. 0. -9.927977771 0. 1.249446577 0. -69.906770565 0. 0. 0.999872102 48.32594355
1.254202181 0. 0. -9.858517978 0. 1.254053626 0. -71.404169227 0. 0. 0.999875128 48.550187237
1.256660179 0. 0. -9.706969339 0. 1.256487326 0. -72.759929521 0. 0. 0.999859012 48.756981069
1.259696666 0. 0. -9.724199675 0. 1.259541837 0. -74.061517474 0. 0. 0.999845565 48.954713757
1.262061811 0. 0. -9.820386069 0. 1.26184913 0. -75.229619694 0. 0. 0.999794471 49.176295723
1.266993061 0. 0. -9.599279738 0. 1.26682198 0. -76.711642239 0. 0. 0.999812477 49.373962344
1.273828767 0. 0. -9.27988217 0. 1.273703989 0. -78.118123928 0. 0. 0.999834175 49.578710947
1.28474572 0. 0. -8.924384111 0. 1.284722179 0. -79.694662815 0. 0. 0.999891414 49.805468554
1.296832238 0. 0. -8.718011675 0. 1.296774293 0. -80.975890849 0. 0. 0.999836917 50.015169284
1.308273085 0. 0. -8.551557817 0. 1.308112651 0. -82.229140448 0. 0. 0.999803235 50.226335049
1.324339628 0. 0. -8.372205681 0. 1.324143314 0. -83.638370401 0. 0. 0.999840545 50.459880662
1.342867866 0. 0. -8.2791276 0. 1.342613471 0. -84.82944399 0. 0. 0.999814838 50.675360101
1.362186101 0. 0. -8.142288382 0. 1.361993821 0. -86.09979228 0. 0. 0.999833889 50.891918642
1.383958977 0. 0. -8.07253489 0. 1.383809328 0. -87.3915277 0. 0. 0.999816825 51.133790543
1.403275679 0. 0. -7.998914362 0. 1.403203065 0. -88.630448156 0. 0. 0.999867737 51.354699939
1.423093448 0. 0. -7.907941124 0. 1.423066903 0. -89.854823418 0. 0. 0.999916152 51.579170357
1.443734204 0. 0. -7.630420127 0. 1.443673225 0. -91.336061372 0. 0. 0.999930375 51.829700855
1.463018104 0. 0. -7.4687144 0. 1.462973145 0. -92.635738934 0. 0. 0.999954312 52.057988406
1.482292737 0. 0. -7.326294903 0. 1.482308356 0. -93.936163976 0. 0. 0.999977378 52.287098584
1.502886419 0. 0. -7.071657945 0. 1.502934335 0. -95.43177984 0. 0. 0.999974683 52.542451239
1.521080268 0. 0. -6.752260378 0. 1.521093738 0. -96.819100935 0. 0. 0.999965892 52.779266174
1.540190139 0. 0. -6.367735076 0. 1.540303584 0. -98.235433061 0. 0. 1.000040286 53.020437615
1.56224496 0. 0. -6.080473065 0. 1.562433522 0. -99.733213459 0. 0. 1.000042932 53.282312796
1.582913383 0. 0. -5.651305528 0. 1.583197845 0. -101.076106237 0. 0. 1.0000118 53.521484184
1.603793013 0. 0. -5.494666108 0. 1.604136824 0. -102.313885932 0. 0. 1.000008491 53.756313761
1.624696739 0. 0. -5.433380935 0. 1.624922071 0. -103.695332248 0. 0. 1.000115193 54.012921134
1.641974077 0. 0. -5.481645457 0. 1.642145884 0. -104.99432287 0. 0. 1.000103868 54.244319815
1.659585711 0. 0. -5.481425182 0. 1.659752181 0. -106.328776957 0. 0. 1.000062684 54.476357848
1.680631531 0. 0. -5.432915912 0. 1.680768376 0. -107.819418445 0. 0. 1.000103182 54.732575463
1.701525927 0. 0. -5.41037452 0. 1.701746421 0. -109.215902919 0. 0. 1.000115393 54.96557764
1.727786182 0. 0. -5.423003574 0. 1.728032717 0. -110.777108129 0. 0. 1.00014375 55.220908606
1.751614494 0. 0. -5.451859492 0. 1.751832283 0. -112.245970103 0. 0. 1.000146717 55.451702962
1.774561356 0. 0. -5.454723056 0. 1.774772952 0. -113.743208596 0. 0. 1.000133149 55.681830629
1.799998623 0. 0. -5.437566145 0. 1.800125888 0. -115.452313228 0. 0. 1.000092806 55.93369348
1.822449139 0. 0. -5.417129595 0. 1.822679006 0. -117.030534299 0. 0. 1.000021216 56.162046347
1.845043166 0. 0. -5.41042347 0. 1.845757043 0. -118.651814486 0. 0. 0.99978308 56.389897269
1.86969391 0. 0. -5.473642161 0. 1.870724408 0. -120.459392261 0. 0. 0.999518438 56.63856805
1.893600028 0. 0. -5.582604458 0. 1.894306918 0. -122.125775539 0. 0. 0.999787761 56.862547955
1.91756479 0. 0. -5.699594525 0. 1.917854782 0. -123.81401939 0. 0. 1.000055663 57.085002271
1.942187101 0. 0. -5.776739439 0. 1.942371438 0. -125.711188009 0. 0. 1.000116334 57.328048569
1.963855472 0. 0. -5.787851048 0. 1.964093095 0. -127.470030687 0. 0. 1.000140645 57.548070788
1.98579198 0. 0. -5.791669134 0. 1.986091922 0. -129.25255667 0. 0. 1.000135788 57.766921289
2.00759736 0. 0. -5.805938006 0. 2.007921026 0. -131.25320386 0. 0. 1.000060823 58.005559995
2.023464833 0. 0. -5.834965249 0. 2.023795279 0. -133.094722868 0. 0. 1.000000147 58.220170649
2.037397589 0. 0. -5.872681084 0. 2.037663249 0. -134.9580744 0. 0. 0.999930054 58.433640986
2.048874222 0. 0. -5.922830173 0. 2.049149911 0. -137.022216335 0. 0. 0.999901187 58.667436257
2.059158239 0. 0. -5.96967515 0. 2.059437887 0. -138.909184359 0. 0. 0.999831598 58.879551525
2.068478332 0. 0. -6.017376748 0. 2.068816842 0. -140.814143196 0. 0. 0.999681597 59.090843238
2.078672427 0. 0. -6.087105765 0. 2.079002354 0. -142.916797691 0. 0. 0.999623876 59.321959485
2.084577524 0. 0. -6.165205201 0. 2.084573635 0. -144.834489288 0. 0. 0.999691069 59.530624824
2.088112068 0. 0. -6.263618812 0. 2.087656997 0. -146.762443768 0. 0. 0.999747517 59.737746307
2.09221944 0. 0. -6.311491734 0. 2.091740868 0. -148.881986472 0. 0. 0.999720153 59.967007061
2.093172244 0. 0. -6.320596401 0. 2.093142654 0. -150.810499851 0. 0. 0.999632672 60.175253546
2.093728367 0. 0. -6.365189686 0. 2.093923529 0. -152.731295299 0. 0. 0.999621336 60.382541433
2.091957202 0. 0. -6.465879463 0. 2.091601204 0. -154.840246719 0. 0. 0.999739576 60.609009732
2.089467039 0. 0. -6.537688847 0. 2.088813426 0. -156.567845483 0. 0. 0.999705136 60.793665067
2.084781426 0. 0. -6.551223472 0. 2.084023003 0. -158.67975159 0. 0. 0.999636982 61.019673363